38.0 256.0 17.0 256.0 21.0 118.0 42.0 117.0 large-vehicle 0
63.0 259.0 44.0 259.0 49.0 118.0 69.0 119.0 large-vehicle 0
359.0 263.0 339.0 264.0 343.0 124.0 362.0 123.0 large-vehicle 0
332.0 263.0 311.0 264.0 316.0 122.0 336.0 121.0 large-vehicle 0
89.0 257.0 69.0 259.0 76.0 118.0 95.0 118.0 large-vehicle 0
305.0 262.0 287.0 262.0 288.0 121.0 309.0 120.0 large-vehicle 0
280.0 263.0 259.0 265.0 259.0 120.0 283.0 120.0 large-vehicle 0
231.0 261.0 210.0 262.0 213.0 121.0 233.0 121.0 large-vehicle 0
201.0 263.0 181.0 265.0 184.0 120.0 205.0 121.0 large-vehicle 0
173.0 260.0 153.0 262.0 160.0 116.0 179.0 116.0 large-vehicle 0
145.0 262.0 123.0 261.0 132.0 118.0 155.0 118.0 large-vehicle 0
116.0 256.0 96.0 259.0 101.0 115.0 122.0 113.0 large-vehicle 0
