109.0 22.0 107.0 46.0 36.0 43.0 41.0 20.0 large-vehicle 0
101.0 53.0 99.0 76.0 29.0 69.0 32.0 49.0 large-vehicle 0
88.0 81.0 88.0 102.0 28.0 101.0 30.0 79.0 large-vehicle 0
90.0 110.0 89.0 129.0 17.0 127.0 22.0 106.0 large-vehicle 0
101.0 136.0 101.0 158.0 32.0 156.0 36.0 132.0 large-vehicle 0
87.0 166.0 84.0 186.0 14.0 184.0 18.0 161.0 large-vehicle 0
102.0 192.0 103.0 212.0 40.0 214.0 42.0 191.0 large-vehicle 0
101.0 224.0 101.0 243.0 32.0 240.0 34.0 221.0 large-vehicle 0
97.0 251.0 96.0 273.0 29.0 266.0 31.0 248.0 large-vehicle 0
96.0 281.0 94.0 301.0 31.0 294.0 33.0 273.0 large-vehicle 0
98.0 306.0 99.0 325.0 39.0 324.0 39.0 304.0 large-vehicle 0
84.0 336.0 82.0 360.0 21.0 351.0 22.0 329.0 large-vehicle 0
81.0 362.0 82.0 382.0 19.0 378.0 21.0 356.0 large-vehicle 0
81.0 391.0 79.0 411.0 19.0 410.0 21.0 385.0 large-vehicle 0
91.0 419.0 92.0 436.0 31.0 440.0 32.0 419.0 large-vehicle 0
324.0 446.0 312.0 430.0 351.0 395.0 364.0 413.0 large-vehicle 0
322.0 414.0 310.0 395.0 347.0 363.0 359.0 379.0 large-vehicle 0
321.0 381.0 308.0 362.0 346.0 327.0 359.0 343.0 large-vehicle 0
198.0 396.0 201.0 376.0 252.0 380.0 249.0 400.0 large-vehicle 0
202.0 14.0 203.0 1.0 253.0 1.0 251.0 16.0 large-vehicle 0
201.0 43.0 201.0 23.0 249.0 23.0 249.0 43.0 large-vehicle 0
201.0 73.0 201.0 54.0 249.0 53.0 250.0 71.0 large-vehicle 0
196.0 98.0 199.0 78.0 248.0 81.0 247.0 103.0 large-vehicle 0
197.0 127.0 199.0 108.0 250.0 112.0 247.0 132.0 large-vehicle 0
194.0 152.0 197.0 135.0 246.0 136.0 242.0 157.0 large-vehicle 0
202.0 184.0 204.0 163.0 253.0 163.0 252.0 184.0 large-vehicle 0
193.0 209.0 199.0 191.0 247.0 194.0 246.0 213.0 large-vehicle 0
194.0 240.0 194.0 221.0 245.0 220.0 245.0 241.0 large-vehicle 0
198.0 368.0 199.0 349.0 254.0 352.0 252.0 371.0 large-vehicle 0
196.0 425.0 197.0 404.0 249.0 409.0 245.0 429.0 large-vehicle 0
326.0 340.0 314.0 324.0 350.0 290.0 364.0 306.0 large-vehicle 0
193.0 451.0 199.0 432.0 248.0 433.0 243.0 456.0 large-vehicle 0
329.0 55.0 315.0 38.0 356.0 6.0 368.0 22.0 large-vehicle 0
329.0 91.0 312.0 75.0 354.0 43.0 368.0 58.0 large-vehicle 0
326.0 128.0 314.0 105.0 356.0 79.0 367.0 95.0 large-vehicle 0
326.0 162.0 315.0 142.0 355.0 112.0 368.0 129.0 large-vehicle 0
324.0 197.0 312.0 177.0 351.0 148.0 364.0 165.0 large-vehicle 0
332.0 230.0 317.0 212.0 356.0 180.0 369.0 197.0 large-vehicle 0
326.0 270.0 312.0 253.0 349.0 219.0 362.0 236.0 large-vehicle 0
331.0 304.0 316.0 286.0 351.0 253.0 365.0 266.0 large-vehicle 0
