146.0 48.0 269.0 48.0 269.0 73.0 146.0 73.0 large-vehicle 0
395.0 261.0 373.0 262.0 376.0 119.0 399.0 120.0 large-vehicle 0
365.0 256.0 344.0 255.0 346.0 116.0 369.0 115.0 large-vehicle 0
337.0 254.0 317.0 254.0 321.0 113.0 339.0 112.0 large-vehicle 0
310.0 255.0 287.0 256.0 286.0 115.0 311.0 115.0 large-vehicle 0
154.0 224.0 250.0 224.0 250.0 248.0 154.0 248.0 large-vehicle 0
140.0 171.0 255.0 171.0 255.0 196.0 140.0 196.0 large-vehicle 0
116.0 139.0 236.0 139.0 236.0 165.0 116.0 165.0 large-vehicle 0
136.0 18.0 271.0 18.0 271.0 43.0 136.0 43.0 large-vehicle 0
450.0 256.0 429.0 256.0 433.0 118.0 454.0 117.0 large-vehicle 0
424.0 255.0 400.0 259.0 403.0 117.0 426.0 116.0 large-vehicle 0
475.0 259.0 456.0 259.0 461.0 118.0 481.0 119.0 large-vehicle 0
501.0 257.0 481.0 259.0 488.0 118.0 507.0 118.0 large-vehicle 0
