76.0 382.0 76.0 399.0 34.0 401.0 34.0 382.0 small-vehicle 0
278.0 266.0 279.0 245.0 370.0 246.0 371.0 266.0 large-vehicle 0
278.0 321.0 279.0 301.0 373.0 303.0 372.0 324.0 large-vehicle 0
276.0 350.0 279.0 328.0 372.0 333.0 371.0 353.0 large-vehicle 0
277.0 379.0 276.0 358.0 369.0 361.0 366.0 383.0 large-vehicle 0
275.0 406.0 276.0 388.0 368.0 391.0 368.0 411.0 large-vehicle 0
268.0 436.0 271.0 416.0 353.0 421.0 353.0 442.0 large-vehicle 0
481.0 22.0 479.0 46.0 408.0 43.0 413.0 20.0 large-vehicle 0
473.0 53.0 471.0 76.0 401.0 69.0 404.0 49.0 large-vehicle 0
460.0 81.0 460.0 102.0 400.0 101.0 402.0 79.0 large-vehicle 0
462.0 110.0 461.0 129.0 389.0 127.0 394.0 106.0 large-vehicle 0
473.0 136.0 473.0 158.0 404.0 156.0 408.0 132.0 large-vehicle 0
459.0 166.0 456.0 186.0 386.0 184.0 390.0 161.0 large-vehicle 0
474.0 192.0 475.0 212.0 412.0 214.0 414.0 191.0 large-vehicle 0
473.0 224.0 473.0 243.0 404.0 240.0 406.0 221.0 large-vehicle 0
469.0 251.0 468.0 273.0 401.0 266.0 403.0 248.0 large-vehicle 0
468.0 281.0 466.0 301.0 403.0 294.0 405.0 273.0 large-vehicle 0
470.0 306.0 471.0 325.0 411.0 324.0 411.0 304.0 large-vehicle 0
456.0 336.0 454.0 360.0 393.0 351.0 394.0 329.0 large-vehicle 0
453.0 362.0 454.0 382.0 391.0 378.0 393.0 356.0 large-vehicle 0
453.0 391.0 451.0 411.0 391.0 410.0 393.0 385.0 large-vehicle 0
463.0 419.0 464.0 436.0 403.0 440.0 404.0 419.0 large-vehicle 0
278.0 290.0 281.0 271.0 371.0 277.0 371.0 295.0 large-vehicle 0
278.0 237.0 280.0 215.0 370.0 219.0 369.0 240.0 large-vehicle 0
80.0 289.0 78.0 309.0 34.0 309.0 34.0 290.0 small-vehicle 0
279.0 207.0 282.0 186.0 373.0 189.0 372.0 211.0 large-vehicle 0
191.0 22.0 190.0 43.0 91.0 38.0 94.0 17.0 large-vehicle 0
184.0 51.0 183.0 71.0 86.0 66.0 89.0 46.0 large-vehicle 0
186.0 79.0 186.0 99.0 90.0 95.0 90.0 76.0 large-vehicle 0
186.0 108.0 184.0 127.0 88.0 125.0 92.0 104.0 large-vehicle 0
179.0 137.0 178.0 160.0 97.0 156.0 100.0 135.0 large-vehicle 0
170.0 195.0 168.0 216.0 89.0 214.0 91.0 193.0 large-vehicle 0
166.0 222.0 168.0 242.0 86.0 246.0 87.0 226.0 large-vehicle 0
165.0 253.0 162.0 271.0 81.0 267.0 83.0 248.0 large-vehicle 0
164.0 280.0 162.0 298.0 83.0 300.0 84.0 278.0 large-vehicle 0
161.0 309.0 161.0 329.0 80.0 327.0 79.0 307.0 large-vehicle 0
152.0 337.0 148.0 356.0 88.0 352.0 90.0 332.0 large-vehicle 0
146.0 366.0 146.0 384.0 84.0 386.0 85.0 366.0 large-vehicle 0
149.0 392.0 146.0 413.0 88.0 413.0 88.0 393.0 large-vehicle 0
147.0 421.0 147.0 442.0 87.0 442.0 88.0 420.0 large-vehicle 0
280.0 64.0 283.0 39.0 376.0 49.0 376.0 68.0 large-vehicle 0
283.0 93.0 284.0 75.0 376.0 77.0 376.0 96.0 large-vehicle 0
279.0 121.0 282.0 101.0 374.0 106.0 373.0 126.0 large-vehicle 0
276.0 153.0 276.0 130.0 368.0 134.0 368.0 154.0 large-vehicle 0
281.0 179.0 282.0 161.0 374.0 163.0 371.0 183.0 large-vehicle 0
26.0 97.0 27.0 70.0 81.0 73.0 81.0 98.0 small-vehicle 1
80.0 155.0 76.0 172.0 37.0 167.0 40.0 150.0 small-vehicle 1
78.0 198.0 78.0 216.0 38.0 218.0 37.0 200.0 small-vehicle 1
77.0 117.0 76.0 135.0 38.0 136.0 38.0 117.0 small-vehicle 0
76.0 179.0 76.0 199.0 32.0 198.0 33.0 179.0 small-vehicle 0
77.0 226.0 77.0 245.0 29.0 245.0 29.0 226.0 small-vehicle 0
