388.0 399.0 411.0 412.0 354.0 502.0 331.0 484.0 large-vehicle 0
417.0 406.0 440.0 421.0 383.0 507.0 361.0 492.0 large-vehicle 0
444.0 411.0 467.0 427.0 413.0 512.0 390.0 498.0 large-vehicle 0
473.0 419.0 498.0 433.0 439.0 512.0 420.0 502.0 large-vehicle 0
292.0 392.0 317.0 405.0 260.0 495.0 235.0 480.0 large-vehicle 0
223.0 391.0 247.0 406.0 191.0 493.0 171.0 480.0 large-vehicle 0
187.0 393.0 211.0 406.0 156.0 498.0 136.0 481.0 large-vehicle 0
155.0 394.0 179.0 407.0 124.0 494.0 103.0 479.0 large-vehicle 0
119.0 393.0 145.0 406.0 91.0 494.0 72.0 481.0 large-vehicle 0
86.0 398.0 110.0 410.0 56.0 502.0 32.0 484.0 large-vehicle 0
42.0 420.0 59.0 434.0 5.0 512.0 1.0 484.0 large-vehicle 0
