124.0 387.0 142.0 377.0 202.0 468.0 181.0 480.0 large-vehicle 0
56.0 388.0 75.0 375.0 134.0 467.0 112.0 479.0 large-vehicle 0
90.0 389.0 108.0 376.0 169.0 470.0 146.0 481.0 large-vehicle 0
162.0 392.0 182.0 384.0 240.0 474.0 220.0 488.0 large-vehicle 0
428.0 394.0 447.0 381.0 509.0 478.0 487.0 489.0 large-vehicle 0
193.0 389.0 209.0 378.0 272.0 472.0 250.0 484.0 large-vehicle 0
229.0 394.0 250.0 383.0 310.0 473.0 288.0 484.0 large-vehicle 0
293.0 393.0 313.0 381.0 374.0 471.0 349.0 485.0 large-vehicle 0
328.0 393.0 349.0 381.0 407.0 474.0 384.0 487.0 large-vehicle 0
360.0 388.0 378.0 377.0 437.0 471.0 417.0 481.0 large-vehicle 0
392.0 388.0 413.0 379.0 471.0 474.0 451.0 484.0 large-vehicle 0
489.0 1.0 512.0 7.0 468.0 90.0 444.0 72.0 large-vehicle 0
454.0 8.0 471.0 22.0 419.0 107.0 398.0 94.0 large-vehicle 0
418.0 1.0 454.0 1.0 400.0 85.0 377.0 68.0 large-vehicle 0
385.0 1.0 416.0 1.0 363.0 82.0 345.0 71.0 large-vehicle 0
353.0 1.0 385.0 1.0 336.0 83.0 314.0 68.0 large-vehicle 0
286.0 1.0 319.0 1.0 264.0 90.0 242.0 77.0 large-vehicle 0
250.0 1.0 286.0 1.0 236.0 80.0 213.0 65.0 large-vehicle 0
215.0 1.0 247.0 1.0 202.0 78.0 178.0 65.0 large-vehicle 0
183.0 1.0 215.0 1.0 165.0 83.0 143.0 68.0 large-vehicle 0
151.0 1.0 180.0 1.0 130.0 84.0 108.0 69.0 large-vehicle 0
117.0 1.0 147.0 1.0 98.0 82.0 77.0 68.0 large-vehicle 0
84.0 1.0 115.0 1.0 73.0 71.0 51.0 54.0 large-vehicle 0
512.0 320.0 512.0 369.0 458.0 287.0 483.0 273.0 large-vehicle 0
471.0 363.0 447.0 374.0 392.0 283.0 414.0 268.0 large-vehicle 0
439.0 365.0 415.0 376.0 358.0 284.0 384.0 269.0 large-vehicle 0
405.0 363.0 383.0 375.0 326.0 285.0 348.0 272.0 large-vehicle 0
372.0 364.0 350.0 377.0 292.0 291.0 317.0 275.0 large-vehicle 0
338.0 363.0 316.0 374.0 258.0 284.0 278.0 273.0 large-vehicle 0
306.0 364.0 281.0 376.0 226.0 286.0 248.0 271.0 large-vehicle 0
270.0 361.0 248.0 373.0 187.0 280.0 211.0 266.0 large-vehicle 0
203.0 357.0 179.0 372.0 122.0 280.0 144.0 265.0 large-vehicle 0
170.0 359.0 144.0 371.0 87.0 279.0 109.0 266.0 large-vehicle 0
137.0 362.0 112.0 372.0 54.0 280.0 78.0 265.0 large-vehicle 0
47.0 1.0 82.0 1.0 33.0 80.0 9.0 64.0 large-vehicle 0
