305.0 76.0 314.0 78.0 310.0 95.0 302.0 90.0 small-vehicle 0
325.0 82.0 332.0 84.0 327.0 101.0 319.0 98.0 small-vehicle 0
246.0 242.0 236.0 237.0 245.0 222.0 255.0 225.0 small-vehicle 1
323.0 122.0 342.0 129.0 338.0 136.0 321.0 128.0 small-vehicle 0
361.0 137.0 376.0 144.0 372.0 151.0 358.0 144.0 small-vehicle 0
397.0 153.0 415.0 161.0 411.0 168.0 394.0 160.0 small-vehicle 0
284.0 122.0 293.0 124.0 285.0 141.0 279.0 137.0 small-vehicle 0
295.0 126.0 302.0 130.0 294.0 145.0 288.0 141.0 small-vehicle 0
299.0 140.0 306.0 141.0 300.0 157.0 294.0 154.0 small-vehicle 1
444.0 282.0 452.0 286.0 444.0 303.0 437.0 298.0 small-vehicle 0
228.0 310.0 219.0 304.0 227.0 290.0 234.0 293.0 small-vehicle 0
200.0 341.0 195.0 336.0 201.0 324.0 209.0 329.0 small-vehicle 1
216.0 303.0 211.0 300.0 216.0 287.0 224.0 290.0 small-vehicle 1
379.0 349.0 384.0 351.0 377.0 367.0 373.0 363.0 small-vehicle 0
387.0 354.0 393.0 357.0 387.0 370.0 381.0 368.0 small-vehicle 1
411.0 361.0 418.0 364.0 411.0 376.0 405.0 372.0 small-vehicle 1
