115.0 1.0 141.0 1.0 183.0 66.0 162.0 79.0 large-vehicle 0
48.0 1.0 76.0 1.0 124.0 72.0 98.0 85.0 large-vehicle 0
80.0 1.0 110.0 1.0 154.0 68.0 131.0 79.0 large-vehicle 0
147.0 1.0 174.0 1.0 216.0 65.0 195.0 77.0 large-vehicle 0
180.0 1.0 208.0 1.0 253.0 71.0 232.0 83.0 large-vehicle 0
212.0 1.0 241.0 1.0 283.0 64.0 262.0 77.0 large-vehicle 0
247.0 1.0 272.0 1.0 317.0 67.0 297.0 79.0 large-vehicle 0
281.0 1.0 305.0 1.0 353.0 71.0 330.0 79.0 large-vehicle 0
312.0 1.0 342.0 1.0 385.0 67.0 365.0 83.0 large-vehicle 0
347.0 1.0 373.0 1.0 417.0 68.0 396.0 79.0 large-vehicle 0
200.0 284.0 177.0 270.0 212.0 219.0 233.0 232.0 large-vehicle 0
377.0 1.0 406.0 1.0 454.0 68.0 427.0 80.0 large-vehicle 0
446.0 1.0 476.0 1.0 512.0 55.0 505.0 84.0 large-vehicle 0
1.0 274.0 1.0 235.0 16.0 214.0 35.0 226.0 large-vehicle 0
61.0 287.0 43.0 272.0 77.0 224.0 97.0 237.0 large-vehicle 0
162.0 287.0 140.0 274.0 173.0 225.0 196.0 240.0 large-vehicle 0
230.0 287.0 213.0 274.0 245.0 224.0 266.0 236.0 large-vehicle 0
266.0 284.0 248.0 271.0 282.0 221.0 302.0 233.0 large-vehicle 0
496.0 292.0 476.0 277.0 511.0 227.0 512.0 269.0 large-vehicle 0
395.0 292.0 376.0 279.0 411.0 229.0 430.0 241.0 large-vehicle 0
361.0 293.0 343.0 280.0 376.0 230.0 395.0 241.0 large-vehicle 0
328.0 290.0 310.0 279.0 345.0 228.0 362.0 240.0 large-vehicle 0
298.0 289.0 277.0 275.0 312.0 226.0 332.0 237.0 large-vehicle 0
498.0 302.0 512.0 317.0 481.0 365.0 463.0 350.0 large-vehicle 0
259.0 302.0 279.0 313.0 244.0 365.0 225.0 353.0 large-vehicle 0
291.0 304.0 311.0 315.0 278.0 369.0 258.0 357.0 large-vehicle 0
325.0 301.0 347.0 313.0 313.0 366.0 294.0 354.0 large-vehicle 0
361.0 303.0 381.0 313.0 347.0 367.0 328.0 356.0 large-vehicle 0
427.0 302.0 449.0 313.0 415.0 368.0 394.0 354.0 large-vehicle 0
457.0 311.0 477.0 324.0 441.0 378.0 422.0 364.0 large-vehicle 0
224.0 303.0 246.0 315.0 211.0 369.0 191.0 355.0 large-vehicle 0
194.0 299.0 213.0 312.0 181.0 364.0 160.0 350.0 large-vehicle 0
156.0 304.0 178.0 316.0 143.0 368.0 126.0 356.0 large-vehicle 0
121.0 306.0 144.0 316.0 110.0 370.0 88.0 358.0 large-vehicle 0
87.0 305.0 108.0 317.0 75.0 369.0 56.0 355.0 large-vehicle 0
58.0 302.0 76.0 315.0 42.0 366.0 24.0 356.0 large-vehicle 0
23.0 302.0 42.0 313.0 4.0 364.0 1.0 337.0 large-vehicle 0
