187.0 394.0 206.0 384.0 266.0 480.0 243.0 490.0 large-vehicle 0
253.0 399.0 272.0 390.0 333.0 482.0 311.0 495.0 large-vehicle 0
345.0 393.0 367.0 382.0 429.0 473.0 401.0 485.0 large-vehicle 0
385.0 400.0 407.0 387.0 466.0 479.0 441.0 492.0 large-vehicle 0
456.0 404.0 476.0 393.0 512.0 447.0 511.0 496.0 large-vehicle 0
84.0 394.0 101.0 382.0 169.0 474.0 145.0 487.0 large-vehicle 0
146.0 394.0 166.0 384.0 225.0 471.0 202.0 482.0 large-vehicle 0
51.0 393.0 70.0 381.0 132.0 477.0 112.0 487.0 large-vehicle 0
16.0 394.0 35.0 381.0 97.0 478.0 75.0 489.0 large-vehicle 0
1.0 420.0 1.0 379.0 59.0 474.0 39.0 484.0 large-vehicle 0
379.0 1.0 411.0 1.0 354.0 90.0 331.0 72.0 large-vehicle 0
419.0 1.0 440.0 9.0 383.0 95.0 361.0 80.0 large-vehicle 0
444.0 1.0 467.0 15.0 413.0 100.0 390.0 86.0 large-vehicle 0
473.0 7.0 498.0 21.0 442.0 107.0 420.0 90.0 large-vehicle 0
279.0 1.0 312.0 1.0 260.0 83.0 235.0 68.0 large-vehicle 0
210.0 1.0 243.0 1.0 191.0 81.0 171.0 68.0 large-vehicle 0
175.0 1.0 207.0 1.0 156.0 86.0 136.0 69.0 large-vehicle 0
143.0 1.0 175.0 1.0 124.0 82.0 103.0 67.0 large-vehicle 0
108.0 1.0 141.0 1.0 91.0 82.0 72.0 69.0 large-vehicle 0
77.0 1.0 108.0 1.0 56.0 90.0 32.0 72.0 large-vehicle 0
42.0 8.0 59.0 22.0 3.0 104.0 1.0 72.0 large-vehicle 0
460.0 367.0 438.0 378.0 384.0 292.0 407.0 278.0 large-vehicle 0
226.0 362.0 203.0 375.0 145.0 283.0 169.0 270.0 large-vehicle 0
288.0 356.0 265.0 368.0 206.0 277.0 230.0 261.0 large-vehicle 0
325.0 362.0 302.0 376.0 245.0 285.0 267.0 269.0 large-vehicle 0
357.0 356.0 331.0 370.0 275.0 280.0 297.0 265.0 large-vehicle 0
308.0 279.0 330.0 266.0 392.0 358.0 369.0 375.0 large-vehicle 0
427.0 367.0 406.0 377.0 352.0 294.0 373.0 278.0 large-vehicle 0
196.0 369.0 173.0 383.0 117.0 289.0 139.0 276.0 large-vehicle 0
162.0 365.0 140.0 378.0 81.0 288.0 104.0 271.0 large-vehicle 0
129.0 367.0 106.0 379.0 46.0 287.0 71.0 273.0 large-vehicle 0
59.0 363.0 35.0 374.0 1.0 316.0 1.0 268.0 large-vehicle 0
