34.0 1.0 64.0 1.0 112.0 74.0 86.0 88.0 large-vehicle 0
102.0 1.0 129.0 1.0 179.0 74.0 155.0 87.0 large-vehicle 0
69.0 1.0 96.0 1.0 142.0 71.0 120.0 84.0 large-vehicle 0
402.0 1.0 430.0 1.0 476.0 72.0 452.0 85.0 large-vehicle 0
369.0 1.0 396.0 1.0 442.0 70.0 419.0 81.0 large-vehicle 0
336.0 1.0 363.0 1.0 409.0 67.0 388.0 80.0 large-vehicle 0
301.0 1.0 328.0 1.0 375.0 69.0 353.0 82.0 large-vehicle 0
268.0 1.0 296.0 1.0 342.0 69.0 320.0 81.0 large-vehicle 0
235.0 1.0 264.0 1.0 310.0 71.0 289.0 86.0 large-vehicle 0
201.0 1.0 229.0 1.0 271.0 69.0 253.0 79.0 large-vehicle 0
173.0 1.0 194.0 1.0 250.0 83.0 228.0 98.0 large-vehicle 0
136.0 1.0 163.0 1.0 206.0 67.0 186.0 79.0 large-vehicle 0
450.0 310.0 472.0 325.0 434.0 375.0 415.0 361.0 large-vehicle 0
417.0 304.0 439.0 318.0 402.0 372.0 383.0 358.0 large-vehicle 0
382.0 305.0 404.0 317.0 371.0 373.0 350.0 360.0 large-vehicle 0
453.0 295.0 436.0 283.0 470.0 234.0 489.0 245.0 large-vehicle 0
422.0 290.0 403.0 278.0 437.0 227.0 457.0 238.0 large-vehicle 0
387.0 293.0 367.0 280.0 404.0 229.0 422.0 242.0 large-vehicle 0
356.0 290.0 339.0 279.0 373.0 227.0 390.0 238.0 large-vehicle 0
323.0 292.0 303.0 283.0 336.0 231.0 356.0 241.0 large-vehicle 0
287.0 291.0 269.0 280.0 306.0 229.0 323.0 240.0 large-vehicle 0
255.0 290.0 237.0 279.0 270.0 227.0 289.0 239.0 large-vehicle 0
220.0 293.0 200.0 281.0 234.0 230.0 254.0 241.0 large-vehicle 0
187.0 291.0 168.0 281.0 204.0 225.0 223.0 237.0 large-vehicle 0
156.0 295.0 134.0 284.0 164.0 231.0 187.0 242.0 large-vehicle 0
122.0 290.0 102.0 275.0 137.0 224.0 158.0 239.0 large-vehicle 0
84.0 292.0 64.0 277.0 98.0 227.0 120.0 241.0 large-vehicle 0
350.0 306.0 370.0 316.0 337.0 369.0 318.0 359.0 large-vehicle 0
86.0 302.0 105.0 316.0 69.0 365.0 51.0 350.0 large-vehicle 0
15.0 302.0 37.0 313.0 1.0 367.0 1.0 325.0 large-vehicle 0
45.0 311.0 65.0 324.0 29.0 378.0 10.0 364.0 large-vehicle 0
113.0 314.0 135.0 326.0 98.0 377.0 79.0 362.0 large-vehicle 0
148.0 309.0 170.0 320.0 138.0 374.0 115.0 359.0 large-vehicle 0
179.0 306.0 202.0 318.0 169.0 372.0 147.0 360.0 large-vehicle 0
215.0 306.0 236.0 317.0 204.0 371.0 183.0 356.0 large-vehicle 0
250.0 306.0 272.0 317.0 238.0 369.0 217.0 358.0 large-vehicle 0
281.0 308.0 300.0 321.0 267.0 372.0 247.0 358.0 large-vehicle 0
317.0 309.0 335.0 319.0 302.0 372.0 282.0 357.0 large-vehicle 0
