197.0 1.0 223.0 1.0 266.0 68.0 243.0 78.0 large-vehicle 0
260.0 1.0 286.0 1.0 333.0 70.0 311.0 83.0 large-vehicle 0
356.0 1.0 387.0 1.0 429.0 61.0 401.0 73.0 large-vehicle 0
392.0 1.0 423.0 1.0 466.0 67.0 441.0 80.0 large-vehicle 0
95.0 1.0 123.0 1.0 169.0 62.0 145.0 75.0 large-vehicle 0
157.0 1.0 184.0 1.0 225.0 59.0 202.0 70.0 large-vehicle 0
63.0 1.0 90.0 1.0 132.0 65.0 112.0 75.0 large-vehicle 0
27.0 1.0 54.0 1.0 97.0 66.0 75.0 77.0 large-vehicle 0
136.0 284.0 116.0 270.0 150.0 221.0 171.0 233.0 large-vehicle 0
39.0 282.0 19.0 270.0 50.0 220.0 70.0 231.0 large-vehicle 0
72.0 281.0 53.0 271.0 85.0 221.0 104.0 232.0 large-vehicle 0
172.0 285.0 151.0 270.0 187.0 219.0 207.0 230.0 large-vehicle 0
276.0 279.0 254.0 265.0 289.0 214.0 312.0 227.0 large-vehicle 0
307.0 280.0 291.0 269.0 326.0 216.0 344.0 228.0 large-vehicle 0
339.0 281.0 321.0 270.0 355.0 219.0 373.0 229.0 large-vehicle 0
374.0 283.0 354.0 269.0 389.0 220.0 408.0 233.0 large-vehicle 0
411.0 276.0 392.0 263.0 428.0 214.0 447.0 226.0 large-vehicle 0
473.0 287.0 455.0 272.0 489.0 224.0 509.0 237.0 large-vehicle 0
505.0 308.0 512.0 329.0 487.0 369.0 468.0 355.0 large-vehicle 0
470.0 302.0 488.0 315.0 454.0 366.0 436.0 356.0 large-vehicle 0
435.0 302.0 454.0 313.0 420.0 367.0 401.0 355.0 large-vehicle 0
399.0 305.0 420.0 318.0 382.0 372.0 364.0 357.0 large-vehicle 0
367.0 302.0 385.0 315.0 350.0 366.0 332.0 355.0 large-vehicle 0
333.0 301.0 353.0 313.0 320.0 366.0 299.0 353.0 large-vehicle 0
302.0 298.0 322.0 311.0 288.0 363.0 267.0 350.0 large-vehicle 0
234.0 300.0 255.0 311.0 223.0 362.0 202.0 349.0 large-vehicle 0
200.0 302.0 220.0 316.0 185.0 365.0 167.0 351.0 large-vehicle 0
171.0 296.0 189.0 307.0 155.0 360.0 136.0 347.0 large-vehicle 0
137.0 300.0 155.0 312.0 117.0 362.0 101.0 348.0 large-vehicle 0
100.0 292.0 120.0 301.0 88.0 357.0 69.0 345.0 large-vehicle 0
