74.0 367.0 52.0 379.0 1.0 295.0 19.0 278.0 large-vehicle 0
1.0 404.0 21.0 393.0 79.0 484.0 55.0 497.0 large-vehicle 0
60.0 58.0 84.0 73.0 26.0 165.0 3.0 148.0 large-vehicle 0
127.0 56.0 151.0 70.0 92.0 168.0 69.0 151.0 large-vehicle 0
254.0 67.0 281.0 81.0 229.0 171.0 204.0 156.0 large-vehicle 0
221.0 69.0 245.0 83.0 191.0 177.0 166.0 162.0 large-vehicle 0
194.0 58.0 217.0 72.0 161.0 165.0 139.0 151.0 large-vehicle 0
157.0 60.0 183.0 74.0 125.0 171.0 102.0 155.0 large-vehicle 0
335.0 175.0 334.0 197.0 247.0 203.0 245.0 179.0 large-vehicle 0
332.0 213.0 331.0 235.0 243.0 236.0 244.0 214.0 large-vehicle 0
335.0 241.0 336.0 262.0 249.0 261.0 249.0 240.0 large-vehicle 0
337.0 270.0 339.0 290.0 247.0 290.0 247.0 269.0 large-vehicle 0
336.0 295.0 337.0 315.0 252.0 319.0 247.0 298.0 large-vehicle 0
339.0 327.0 337.0 347.0 252.0 342.0 254.0 320.0 large-vehicle 0
334.0 494.0 332.0 512.0 250.0 512.0 252.0 492.0 large-vehicle 0
333.0 464.0 333.0 489.0 247.0 488.0 247.0 466.0 large-vehicle 0
330.0 437.0 330.0 457.0 243.0 460.0 243.0 438.0 large-vehicle 0
336.0 410.0 336.0 431.0 249.0 430.0 250.0 407.0 large-vehicle 0
337.0 379.0 339.0 403.0 248.0 405.0 245.0 381.0 large-vehicle 0
332.0 352.0 333.0 374.0 242.0 375.0 244.0 353.0 large-vehicle 0
