106.0 395.0 124.0 384.0 183.0 478.0 162.0 491.0 large-vehicle 0
1.0 444.0 1.0 394.0 54.0 479.0 29.0 492.0 large-vehicle 0
44.0 404.0 64.0 393.0 124.0 484.0 98.0 497.0 large-vehicle 0
72.0 399.0 95.0 387.0 154.0 480.0 131.0 491.0 large-vehicle 0
137.0 394.0 155.0 382.0 216.0 477.0 195.0 489.0 large-vehicle 0
175.0 403.0 193.0 388.0 253.0 483.0 232.0 495.0 large-vehicle 0
204.0 398.0 224.0 385.0 283.0 476.0 262.0 489.0 large-vehicle 0
239.0 398.0 256.0 388.0 317.0 479.0 297.0 491.0 large-vehicle 0
274.0 399.0 288.0 386.0 353.0 483.0 330.0 491.0 large-vehicle 0
306.0 402.0 327.0 388.0 385.0 479.0 365.0 495.0 large-vehicle 0
339.0 399.0 357.0 386.0 417.0 480.0 396.0 491.0 large-vehicle 0
370.0 399.0 390.0 388.0 454.0 480.0 427.0 492.0 large-vehicle 0
442.0 404.0 463.0 390.0 512.0 467.0 505.0 496.0 large-vehicle 0
319.0 24.0 343.0 37.0 284.0 122.0 264.0 106.0 large-vehicle 0
61.0 7.0 86.0 21.0 30.0 107.0 8.0 90.0 large-vehicle 0
128.0 7.0 152.0 19.0 97.0 107.0 72.0 91.0 large-vehicle 0
194.0 9.0 217.0 23.0 161.0 109.0 137.0 94.0 large-vehicle 0
453.0 24.0 477.0 36.0 420.0 124.0 398.0 109.0 large-vehicle 0
483.0 30.0 509.0 45.0 451.0 133.0 431.0 117.0 large-vehicle 0
146.0 363.0 122.0 374.0 69.0 289.0 91.0 275.0 large-vehicle 0
208.0 302.0 230.0 285.0 279.0 363.0 258.0 375.0 large-vehicle 0
412.0 365.0 390.0 377.0 344.0 301.0 366.0 286.0 large-vehicle 0
512.0 367.0 494.0 383.0 440.0 297.0 465.0 280.0 large-vehicle 0
