146.0 359.0 269.0 359.0 269.0 384.0 146.0 384.0 large-vehicle 0
140.0 482.0 255.0 482.0 255.0 507.0 140.0 507.0 large-vehicle 0
116.0 450.0 236.0 450.0 236.0 476.0 116.0 476.0 large-vehicle 0
136.0 329.0 271.0 329.0 271.0 354.0 136.0 354.0 large-vehicle 0
136.0 301.0 271.0 301.0 271.0 323.0 136.0 323.0 large-vehicle 0
157.0 267.0 252.0 267.0 252.0 289.0 157.0 289.0 large-vehicle 0
157.0 233.0 264.0 233.0 264.0 259.0 157.0 259.0 large-vehicle 0
146.0 202.0 268.0 202.0 268.0 229.0 146.0 229.0 large-vehicle 0
162.0 171.0 287.0 171.0 287.0 198.0 162.0 198.0 large-vehicle 0
145.0 143.0 285.0 143.0 285.0 168.0 145.0 168.0 large-vehicle 0
147.0 112.0 268.0 112.0 268.0 140.0 147.0 140.0 large-vehicle 0
178.0 82.0 287.0 82.0 287.0 107.0 178.0 107.0 large-vehicle 0
