505.0 401.0 512.0 427.0 468.0 502.0 444.0 484.0 large-vehicle 0
454.0 420.0 471.0 434.0 423.0 512.0 402.0 509.0 large-vehicle 0
431.0 391.0 458.0 407.0 400.0 497.0 377.0 480.0 large-vehicle 0
397.0 391.0 422.0 404.0 363.0 494.0 345.0 483.0 large-vehicle 0
366.0 390.0 391.0 403.0 336.0 495.0 314.0 480.0 large-vehicle 0
295.0 397.0 320.0 413.0 264.0 502.0 242.0 489.0 large-vehicle 0
264.0 389.0 291.0 404.0 236.0 492.0 213.0 477.0 large-vehicle 0
230.0 388.0 254.0 400.0 202.0 490.0 178.0 477.0 large-vehicle 0
196.0 390.0 219.0 406.0 165.0 495.0 143.0 480.0 large-vehicle 0
165.0 390.0 186.0 403.0 130.0 496.0 108.0 481.0 large-vehicle 0
131.0 389.0 154.0 402.0 98.0 494.0 77.0 480.0 large-vehicle 0
101.0 386.0 123.0 400.0 73.0 483.0 51.0 466.0 large-vehicle 0
62.0 388.0 89.0 401.0 33.0 492.0 9.0 476.0 large-vehicle 0
