174.0 1.0 200.0 1.0 240.0 62.0 220.0 76.0 large-vehicle 0
439.0 1.0 466.0 1.0 509.0 66.0 487.0 77.0 large-vehicle 0
206.0 1.0 231.0 1.0 272.0 60.0 250.0 72.0 large-vehicle 0
240.0 1.0 269.0 1.0 310.0 61.0 288.0 72.0 large-vehicle 0
304.0 1.0 334.0 1.0 374.0 59.0 349.0 73.0 large-vehicle 0
339.0 1.0 368.0 1.0 407.0 62.0 384.0 75.0 large-vehicle 0
406.0 1.0 433.0 1.0 471.0 62.0 451.0 72.0 large-vehicle 0
83.0 275.0 66.0 263.0 99.0 212.0 118.0 225.0 large-vehicle 0
119.0 273.0 100.0 262.0 132.0 210.0 153.0 222.0 large-vehicle 0
357.0 270.0 335.0 258.0 371.0 207.0 391.0 218.0 large-vehicle 0
153.0 274.0 131.0 263.0 166.0 211.0 188.0 222.0 large-vehicle 0
451.0 282.0 431.0 270.0 462.0 220.0 482.0 231.0 large-vehicle 0
484.0 281.0 465.0 271.0 497.0 221.0 512.0 233.0 large-vehicle 0
54.0 272.0 33.0 259.0 66.0 207.0 85.0 220.0 large-vehicle 0
5.0 276.0 1.0 255.0 26.0 216.0 46.0 229.0 large-vehicle 0
13.0 287.0 34.0 299.0 1.0 351.0 1.0 307.0 large-vehicle 0
43.0 295.0 64.0 306.0 31.0 360.0 10.0 345.0 large-vehicle 0
312.0 296.0 332.0 307.0 303.0 360.0 281.0 347.0 large-vehicle 0
79.0 294.0 99.0 305.0 64.0 358.0 44.0 344.0 large-vehicle 0
112.0 291.0 134.0 300.0 102.0 358.0 79.0 341.0 large-vehicle 0
137.0 298.0 162.0 311.0 128.0 366.0 108.0 352.0 large-vehicle 0
172.0 303.0 193.0 315.0 157.0 369.0 137.0 353.0 large-vehicle 0
208.0 300.0 228.0 313.0 194.0 366.0 174.0 350.0 large-vehicle 0
244.0 297.0 264.0 308.0 232.0 360.0 210.0 346.0 large-vehicle 0
280.0 294.0 299.0 305.0 265.0 360.0 247.0 347.0 large-vehicle 0
345.0 295.0 366.0 305.0 333.0 361.0 314.0 349.0 large-vehicle 0
379.0 297.0 397.0 307.0 365.0 360.0 347.0 348.0 large-vehicle 0
406.0 304.0 428.0 315.0 397.0 367.0 373.0 354.0 large-vehicle 0
