495.0 275.0 478.0 263.0 511.0 212.0 512.0 250.0 large-vehicle 0
466.0 272.0 445.0 259.0 478.0 207.0 497.0 220.0 large-vehicle 0
423.0 280.0 404.0 268.0 438.0 216.0 458.0 229.0 large-vehicle 0
397.0 274.0 376.0 263.0 411.0 210.0 430.0 224.0 large-vehicle 0
366.0 272.0 345.0 260.0 376.0 207.0 398.0 219.0 large-vehicle 0
330.0 272.0 309.0 259.0 343.0 207.0 365.0 222.0 large-vehicle 0
295.0 278.0 271.0 265.0 305.0 213.0 328.0 226.0 large-vehicle 0
258.0 277.0 236.0 263.0 269.0 213.0 291.0 226.0 large-vehicle 0
221.0 271.0 204.0 259.0 238.0 210.0 257.0 224.0 large-vehicle 0
425.0 287.0 446.0 299.0 411.0 353.0 394.0 337.0 large-vehicle 0
221.0 288.0 242.0 299.0 208.0 353.0 186.0 339.0 large-vehicle 0
254.0 288.0 274.0 302.0 240.0 355.0 219.0 341.0 large-vehicle 0
279.0 302.0 302.0 315.0 268.0 368.0 245.0 351.0 large-vehicle 0
320.0 288.0 342.0 300.0 312.0 353.0 289.0 342.0 large-vehicle 0
350.0 298.0 370.0 310.0 338.0 362.0 317.0 348.0 large-vehicle 0
391.0 291.0 410.0 301.0 375.0 356.0 357.0 340.0 large-vehicle 0
455.0 295.0 476.0 306.0 443.0 360.0 422.0 345.0 large-vehicle 0
491.0 294.0 511.0 305.0 476.0 358.0 456.0 344.0 large-vehicle 0
177.0 304.0 198.0 319.0 163.0 370.0 141.0 355.0 large-vehicle 0
