5.0 1.0 33.0 1.0 79.0 72.0 55.0 85.0 large-vehicle 0
331.0 371.0 332.0 394.0 266.0 397.0 266.0 374.0 large-vehicle 0
335.0 312.0 338.0 333.0 258.0 337.0 259.0 313.0 large-vehicle 0
334.0 282.0 335.0 304.0 256.0 306.0 256.0 284.0 large-vehicle 0
334.0 250.0 337.0 274.0 256.0 278.0 256.0 253.0 large-vehicle 0
334.0 193.0 335.0 218.0 254.0 216.0 253.0 192.0 large-vehicle 0
335.0 137.0 334.0 158.0 251.0 158.0 251.0 136.0 large-vehicle 0
335.0 110.0 335.0 132.0 250.0 129.0 251.0 108.0 large-vehicle 0
334.0 82.0 332.0 104.0 250.0 102.0 252.0 80.0 large-vehicle 0
333.0 52.0 333.0 77.0 247.0 76.0 247.0 54.0 large-vehicle 0
330.0 25.0 330.0 45.0 243.0 48.0 243.0 26.0 large-vehicle 0
336.0 1.0 336.0 19.0 249.0 18.0 249.0 1.0 large-vehicle 0
53.0 310.0 75.0 325.0 37.0 375.0 18.0 361.0 large-vehicle 0
20.0 304.0 42.0 318.0 2.0 370.0 1.0 335.0 large-vehicle 0
56.0 295.0 39.0 283.0 73.0 234.0 92.0 245.0 large-vehicle 0
25.0 290.0 6.0 278.0 40.0 227.0 60.0 238.0 large-vehicle 0
