372.0 369.0 351.0 380.0 295.0 297.0 317.0 281.0 large-vehicle 0
406.0 368.0 383.0 383.0 328.0 296.0 353.0 281.0 large-vehicle 0
441.0 370.0 420.0 384.0 365.0 301.0 389.0 286.0 large-vehicle 0
471.0 367.0 449.0 379.0 395.0 295.0 416.0 278.0 large-vehicle 0
30.0 404.0 51.0 390.0 112.0 486.0 86.0 500.0 large-vehicle 0
100.0 407.0 119.0 397.0 179.0 486.0 155.0 499.0 large-vehicle 0
63.0 402.0 84.0 393.0 142.0 483.0 120.0 496.0 large-vehicle 0
398.0 404.0 418.0 393.0 476.0 484.0 452.0 497.0 large-vehicle 0
365.0 404.0 384.0 392.0 442.0 482.0 419.0 493.0 large-vehicle 0
330.0 402.0 348.0 390.0 409.0 479.0 388.0 492.0 large-vehicle 0
295.0 401.0 313.0 389.0 375.0 481.0 353.0 494.0 large-vehicle 0
263.0 403.0 283.0 392.0 342.0 481.0 320.0 493.0 large-vehicle 0
232.0 406.0 252.0 393.0 310.0 483.0 289.0 498.0 large-vehicle 0
195.0 402.0 216.0 390.0 271.0 481.0 253.0 491.0 large-vehicle 0
171.0 415.0 189.0 403.0 250.0 495.0 228.0 510.0 large-vehicle 0
128.0 399.0 147.0 387.0 206.0 479.0 186.0 491.0 large-vehicle 0
333.0 361.0 312.0 372.0 257.0 287.0 280.0 274.0 large-vehicle 0
304.0 369.0 283.0 381.0 227.0 297.0 250.0 281.0 large-vehicle 0
272.0 370.0 250.0 383.0 196.0 299.0 217.0 286.0 large-vehicle 0
41.0 24.0 65.0 36.0 4.0 121.0 1.0 87.0 large-vehicle 0
424.0 58.0 447.0 72.0 386.0 164.0 365.0 146.0 large-vehicle 0
71.0 30.0 97.0 45.0 39.0 133.0 19.0 117.0 large-vehicle 0
135.0 36.0 160.0 52.0 105.0 135.0 78.0 120.0 large-vehicle 0
204.0 35.0 226.0 47.0 168.0 140.0 147.0 126.0 large-vehicle 0
265.0 40.0 291.0 56.0 233.0 147.0 209.0 128.0 large-vehicle 0
334.0 44.0 358.0 57.0 296.0 148.0 274.0 130.0 large-vehicle 0
366.0 42.0 389.0 57.0 333.0 148.0 310.0 134.0 large-vehicle 0
399.0 43.0 423.0 55.0 368.0 140.0 349.0 127.0 large-vehicle 0
457.0 58.0 481.0 73.0 423.0 165.0 400.0 148.0 large-vehicle 0
239.0 372.0 219.0 384.0 163.0 299.0 186.0 285.0 large-vehicle 0
105.0 370.0 82.0 383.0 28.0 297.0 53.0 280.0 large-vehicle 0
143.0 376.0 121.0 388.0 66.0 302.0 89.0 287.0 large-vehicle 0
173.0 370.0 150.0 384.0 98.0 295.0 118.0 284.0 large-vehicle 0
207.0 372.0 188.0 383.0 134.0 300.0 154.0 288.0 large-vehicle 0
