253.0 371.0 256.0 351.0 305.0 355.0 300.0 373.0 small-vehicle 0
327.0 110.0 326.0 131.0 228.0 126.0 230.0 102.0 large-vehicle 0
325.0 145.0 327.0 168.0 232.0 163.0 233.0 140.0 large-vehicle 0
317.0 180.0 318.0 199.0 226.0 200.0 227.0 177.0 large-vehicle 0
309.0 225.0 307.0 246.0 209.0 244.0 210.0 221.0 large-vehicle 0
314.0 256.0 316.0 279.0 222.0 281.0 222.0 258.0 large-vehicle 0
316.0 331.0 314.0 354.0 210.0 348.0 213.0 323.0 large-vehicle 0
163.0 336.0 203.0 337.0 201.0 354.0 161.0 352.0 small-vehicle 0
79.0 383.0 80.0 360.0 190.0 365.0 189.0 388.0 large-vehicle 0
329.0 74.0 325.0 94.0 225.0 82.0 231.0 61.0 large-vehicle 0
334.0 44.0 331.0 65.0 233.0 53.0 237.0 29.0 large-vehicle 0
336.0 9.0 333.0 31.0 236.0 10.0 262.0 1.0 large-vehicle 0
