258.0 246.0 267.0 244.0 270.0 261.0 260.0 263.0 small-vehicle 1
225.0 311.0 236.0 309.0 235.0 323.0 224.0 324.0 small-vehicle 1
217.0 188.0 223.0 186.0 229.0 197.0 222.0 200.0 small-vehicle 1
257.0 446.0 265.0 449.0 261.0 466.0 252.0 463.0 small-vehicle 1
228.0 483.0 236.0 485.0 234.0 497.0 226.0 495.0 small-vehicle 1
242.0 314.0 250.0 313.0 250.0 327.0 242.0 327.0 small-vehicle 1
262.0 336.0 271.0 335.0 272.0 350.0 264.0 352.0 small-vehicle 1
190.0 262.0 200.0 259.0 203.0 286.0 193.0 287.0 large-vehicle 0
260.0 311.0 269.0 310.0 271.0 323.0 260.0 325.0 small-vehicle 1
198.0 295.0 206.0 293.0 209.0 310.0 200.0 311.0 large-vehicle 0
261.0 420.0 271.0 422.0 267.0 438.0 259.0 435.0 small-vehicle 1
