492.0 187.0 491.0 207.0 389.0 204.0 393.0 184.0 large-vehicle 0
491.0 211.0 489.0 232.0 403.0 229.0 404.0 207.0 large-vehicle 0
468.0 265.0 468.0 288.0 398.0 284.0 399.0 263.0 large-vehicle 0
468.0 292.0 469.0 313.0 400.0 314.0 402.0 293.0 large-vehicle 0
490.0 350.0 489.0 371.0 423.0 366.0 424.0 347.0 large-vehicle 0
467.0 378.0 465.0 397.0 394.0 396.0 396.0 374.0 large-vehicle 0
486.0 404.0 486.0 426.0 418.0 424.0 420.0 404.0 large-vehicle 0
488.0 435.0 487.0 456.0 418.0 449.0 421.0 430.0 large-vehicle 0
461.0 460.0 463.0 479.0 394.0 480.0 397.0 456.0 large-vehicle 0
481.0 487.0 479.0 511.0 408.0 508.0 413.0 485.0 large-vehicle 0
96.0 254.0 178.0 257.0 178.0 279.0 97.0 278.0 large-vehicle 0
174.0 311.0 173.0 332.0 89.0 333.0 88.0 312.0 large-vehicle 0
189.0 345.0 186.0 366.0 90.0 362.0 91.0 339.0 large-vehicle 0
189.0 457.0 189.0 478.0 95.0 474.0 97.0 454.0 large-vehicle 0
191.0 487.0 190.0 508.0 91.0 503.0 94.0 482.0 large-vehicle 0
286.0 211.0 286.0 189.0 374.0 189.0 373.0 209.0 large-vehicle 0
284.0 243.0 285.0 221.0 375.0 225.0 374.0 246.0 large-vehicle 0
282.0 358.0 284.0 338.0 372.0 341.0 371.0 366.0 large-vehicle 0
282.0 414.0 283.0 391.0 374.0 397.0 373.0 418.0 large-vehicle 0
283.0 442.0 284.0 423.0 375.0 426.0 374.0 447.0 large-vehicle 0
284.0 475.0 284.0 453.0 374.0 456.0 374.0 474.0 large-vehicle 0
34.0 2.0 53.0 1.0 49.0 32.0 31.0 32.0 small-vehicle 0
46.0 39.0 63.0 38.0 61.0 73.0 41.0 74.0 small-vehicle 0
166.0 86.0 166.0 106.0 121.0 107.0 120.0 85.0 small-vehicle 0
224.0 82.0 226.0 99.0 186.0 102.0 185.0 87.0 small-vehicle 0
461.0 25.0 481.0 30.0 470.0 70.0 452.0 64.0 small-vehicle 1
500.0 32.0 512.0 33.0 512.0 73.0 494.0 70.0 small-vehicle 1
421.0 155.0 421.0 135.0 466.0 134.0 466.0 153.0 small-vehicle 1
412.0 136.0 413.0 155.0 369.0 158.0 368.0 139.0 small-vehicle 0
322.0 142.0 322.0 161.0 282.0 162.0 282.0 143.0 small-vehicle 1
277.0 144.0 279.0 162.0 236.0 167.0 234.0 148.0 small-vehicle 1
231.0 147.0 234.0 165.0 190.0 171.0 187.0 153.0 small-vehicle 1
36.0 318.0 38.0 299.0 81.0 304.0 79.0 321.0 small-vehicle 1
40.0 342.0 41.0 326.0 80.0 326.0 81.0 342.0 small-vehicle 1
39.0 373.0 39.0 357.0 83.0 359.0 82.0 376.0 small-vehicle 1
38.0 397.0 39.0 381.0 81.0 382.0 81.0 399.0 small-vehicle 1
34.0 419.0 34.0 402.0 80.0 406.0 78.0 422.0 small-vehicle 1
36.0 443.0 36.0 426.0 80.0 426.0 79.0 444.0 small-vehicle 1
99.0 222.0 181.0 226.0 180.0 246.0 97.0 242.0 large-vehicle 0
