229.0 153.0 214.0 161.0 195.0 121.0 210.0 114.0 small-vehicle 1
55.0 82.0 75.0 70.0 157.0 222.0 135.0 234.0 large-vehicle 0
1.0 201.0 1.0 151.0 70.0 278.0 46.0 290.0 large-vehicle 0
1.0 143.0 3.0 105.0 90.0 259.0 71.0 272.0 large-vehicle 0
9.0 105.0 30.0 94.0 112.0 250.0 94.0 260.0 large-vehicle 0
75.0 65.0 97.0 54.0 179.0 207.0 159.0 219.0 large-vehicle 0
33.0 92.0 47.0 87.0 64.0 122.0 50.0 129.0 small-vehicle 1
99.0 53.0 121.0 42.0 201.0 195.0 181.0 206.0 large-vehicle 0
170.0 22.0 192.0 10.0 279.0 168.0 255.0 180.0 large-vehicle 0
196.0 12.0 217.0 3.0 300.0 156.0 282.0 168.0 large-vehicle 0
219.0 1.0 246.0 1.0 325.0 141.0 302.0 154.0 large-vehicle 0
395.0 284.0 379.0 305.0 293.0 230.0 314.0 211.0 large-vehicle 0
332.0 305.0 317.0 325.0 200.0 227.0 212.0 208.0 large-vehicle 0
326.0 337.0 313.0 357.0 179.0 245.0 194.0 227.0 large-vehicle 0
295.0 349.0 277.0 369.0 147.0 257.0 160.0 237.0 large-vehicle 0
264.0 358.0 243.0 376.0 113.0 266.0 130.0 247.0 large-vehicle 0
191.0 343.0 177.0 357.0 150.0 332.0 164.0 318.0 small-vehicle 1
161.0 317.0 147.0 329.0 119.0 303.0 131.0 291.0 small-vehicle 1
126.0 288.0 115.0 303.0 84.0 278.0 96.0 263.0 small-vehicle 1
61.0 365.0 76.0 350.0 107.0 380.0 94.0 393.0 small-vehicle 0
54.0 42.0 63.0 58.0 27.0 78.0 18.0 62.0 small-vehicle 0
