9.0 249.0 30.0 245.0 42.0 295.0 21.0 299.0 small-vehicle 0
193.0 12.0 245.0 1.0 292.0 5.0 196.0 31.0 large-vehicle 0
75.0 278.0 102.0 269.0 142.0 391.0 119.0 400.0 large-vehicle 0
138.0 26.0 157.0 14.0 195.0 103.0 174.0 113.0 large-vehicle 0
179.0 115.0 201.0 104.0 239.0 187.0 218.0 202.0 large-vehicle 0
192.0 81.0 286.0 56.0 291.0 74.0 197.0 100.0 large-vehicle 0
217.0 110.0 313.0 83.0 318.0 105.0 222.0 133.0 large-vehicle 0
264.0 243.0 364.0 233.0 367.0 254.0 266.0 264.0 large-vehicle 0
254.0 217.0 354.0 208.0 355.0 229.0 257.0 239.0 large-vehicle 0
236.0 170.0 327.0 138.0 335.0 157.0 242.0 189.0 large-vehicle 0
225.0 147.0 317.0 118.0 324.0 137.0 231.0 166.0 large-vehicle 0
