1.0 294.0 1.0 269.0 177.0 291.0 175.0 315.0 large-vehicle 0
1.0 244.0 1.0 220.0 172.0 232.0 171.0 257.0 large-vehicle 0
291.0 424.0 388.0 402.0 392.0 423.0 294.0 443.0 large-vehicle 0
316.0 234.0 400.0 234.0 399.0 259.0 313.0 258.0 large-vehicle 0
48.0 191.0 184.0 196.0 182.0 221.0 47.0 211.0 large-vehicle 0
159.0 77.0 176.0 82.0 162.0 131.0 146.0 124.0 large-vehicle 0
140.0 35.0 158.0 41.0 132.0 132.0 111.0 129.0 large-vehicle 0
53.0 314.0 54.0 334.0 18.0 330.0 15.0 309.0 small-vehicle 1
76.0 159.0 74.0 171.0 42.0 163.0 45.0 152.0 small-vehicle 0
17.0 334.0 145.0 350.0 141.0 375.0 12.0 357.0 large-vehicle 0
9.0 460.0 130.0 468.0 128.0 491.0 6.0 485.0 large-vehicle 0
236.0 438.0 255.0 426.0 291.0 512.0 266.0 512.0 large-vehicle 0
290.0 493.0 384.0 468.0 389.0 486.0 295.0 512.0 large-vehicle 0
