260.0 153.0 245.0 161.0 226.0 121.0 241.0 114.0 small-vehicle 1
86.0 82.0 106.0 70.0 188.0 222.0 166.0 234.0 large-vehicle 0
1.0 200.0 1.0 148.0 68.0 284.0 47.0 294.0 large-vehicle 0
1.0 135.0 15.0 123.0 101.0 278.0 77.0 290.0 large-vehicle 0
15.0 114.0 37.0 104.0 121.0 259.0 102.0 272.0 large-vehicle 0
40.0 105.0 61.0 94.0 143.0 250.0 125.0 260.0 large-vehicle 0
106.0 65.0 128.0 54.0 210.0 207.0 190.0 219.0 large-vehicle 0
64.0 92.0 78.0 87.0 95.0 122.0 81.0 129.0 small-vehicle 1
130.0 53.0 152.0 42.0 232.0 195.0 212.0 206.0 large-vehicle 0
201.0 22.0 223.0 10.0 310.0 168.0 286.0 180.0 large-vehicle 0
227.0 12.0 248.0 3.0 331.0 156.0 313.0 168.0 large-vehicle 0
250.0 1.0 277.0 1.0 356.0 141.0 333.0 154.0 large-vehicle 0
426.0 284.0 410.0 305.0 324.0 230.0 345.0 211.0 large-vehicle 0
363.0 305.0 348.0 325.0 231.0 227.0 243.0 208.0 large-vehicle 0
357.0 337.0 344.0 357.0 210.0 245.0 225.0 227.0 large-vehicle 0
326.0 349.0 308.0 369.0 178.0 257.0 191.0 237.0 large-vehicle 0
295.0 358.0 274.0 376.0 144.0 266.0 161.0 247.0 large-vehicle 0
127.0 434.0 111.0 453.0 1.0 359.0 1.0 322.0 large-vehicle 0
222.0 343.0 208.0 357.0 181.0 332.0 195.0 318.0 small-vehicle 1
192.0 317.0 178.0 329.0 150.0 303.0 162.0 291.0 small-vehicle 1
157.0 288.0 146.0 303.0 115.0 278.0 127.0 263.0 small-vehicle 1
92.0 365.0 107.0 350.0 138.0 380.0 125.0 393.0 small-vehicle 0
11.0 400.0 23.0 386.0 56.0 412.0 43.0 427.0 small-vehicle 1
85.0 42.0 94.0 58.0 58.0 78.0 49.0 62.0 small-vehicle 0
