230.0 111.0 250.0 111.0 254.0 180.0 234.0 182.0 small-vehicle 0
104.0 54.0 127.0 53.0 137.0 181.0 114.0 184.0 large-vehicle 0
32.0 59.0 57.0 56.0 69.0 185.0 43.0 192.0 large-vehicle 0
63.0 60.0 83.0 60.0 86.0 127.0 69.0 129.0 small-vehicle 0
100.0 210.0 77.0 213.0 72.0 145.0 89.0 141.0 small-vehicle 0
169.0 226.0 145.0 227.0 133.0 51.0 157.0 48.0 large-vehicle 0
197.0 220.0 175.0 224.0 161.0 46.0 185.0 44.0 large-vehicle 0
222.0 213.0 200.0 216.0 190.0 43.0 212.0 41.0 large-vehicle 0
156.0 362.0 141.0 370.0 132.0 333.0 147.0 327.0 small-vehicle 0
306.0 337.0 341.0 331.0 342.0 345.0 307.0 350.0 small-vehicle 0
165.0 391.0 183.0 387.0 209.0 512.0 188.0 512.0 large-vehicle 0
117.0 374.0 138.0 370.0 175.0 512.0 150.0 512.0 large-vehicle 0
90.0 390.0 114.0 386.0 145.0 512.0 118.0 512.0 large-vehicle 0
512.0 391.0 511.0 411.0 346.0 420.0 348.0 397.0 large-vehicle 0
487.0 313.0 443.0 316.0 436.0 151.0 483.0 152.0 large-vehicle 0
