263.0 146.0 369.0 215.0 355.0 236.0 251.0 163.0 large-vehicle 0
173.0 156.0 191.0 135.0 342.0 235.0 328.0 255.0 large-vehicle 0
160.0 186.0 173.0 164.0 332.0 262.0 319.0 285.0 large-vehicle 0
145.0 211.0 158.0 191.0 304.0 282.0 292.0 308.0 large-vehicle 0
125.0 232.0 141.0 212.0 296.0 311.0 281.0 336.0 large-vehicle 0
92.0 290.0 109.0 265.0 269.0 367.0 252.0 391.0 large-vehicle 0
78.0 313.0 90.0 291.0 251.0 395.0 236.0 417.0 large-vehicle 0
129.0 350.0 236.0 421.0 223.0 441.0 110.0 372.0 large-vehicle 0
45.0 367.0 59.0 347.0 212.0 443.0 201.0 464.0 large-vehicle 0
34.0 393.0 49.0 374.0 200.0 473.0 187.0 493.0 large-vehicle 0
323.0 1.0 369.0 1.0 470.0 61.0 457.0 81.0 large-vehicle 0
286.0 4.0 312.0 1.0 451.0 84.0 439.0 104.0 large-vehicle 0
326.0 43.0 431.0 114.0 419.0 134.0 312.0 61.0 large-vehicle 0
316.0 71.0 418.0 140.0 404.0 162.0 301.0 90.0 large-vehicle 0
209.0 108.0 223.0 87.0 379.0 182.0 364.0 202.0 large-vehicle 0
270.0 102.0 279.0 87.0 309.0 107.0 302.0 121.0 small-vehicle 0
