307.0 390.0 320.0 370.0 480.0 464.0 469.0 486.0 large-vehicle 0
360.0 301.0 376.0 282.0 512.0 364.0 512.0 391.0 large-vehicle 0
428.0 265.0 438.0 246.0 500.0 280.0 492.0 305.0 small-vehicle 1
396.0 376.0 500.0 441.0 491.0 462.0 384.0 394.0 large-vehicle 0
211.0 1.0 284.0 48.0 270.0 68.0 170.0 1.0 large-vehicle 0
151.0 1.0 257.0 64.0 247.0 86.0 138.0 18.0 large-vehicle 0
139.0 55.0 153.0 33.0 256.0 101.0 242.0 121.0 large-vehicle 1
141.0 62.0 256.0 132.0 244.0 153.0 128.0 80.0 large-vehicle 0
134.0 94.0 236.0 159.0 223.0 180.0 120.0 112.0 large-vehicle 0
90.0 105.0 197.0 173.0 186.0 194.0 76.0 125.0 large-vehicle 0
81.0 136.0 188.0 203.0 177.0 223.0 69.0 154.0 large-vehicle 0
49.0 188.0 163.0 260.0 151.0 280.0 34.0 208.0 large-vehicle 0
33.0 210.0 148.0 285.0 134.0 306.0 18.0 231.0 large-vehicle 0
90.0 286.0 150.0 324.0 136.0 345.0 76.0 306.0 large-vehicle 0
20.0 242.0 82.0 281.0 68.0 304.0 6.0 262.0 large-vehicle 0
