206.0 365.0 224.0 372.0 176.0 477.0 157.0 469.0 large-vehicle 0
234.0 377.0 252.0 386.0 201.0 490.0 180.0 480.0 large-vehicle 0
264.0 379.0 283.0 388.0 229.0 494.0 209.0 483.0 large-vehicle 0
287.0 395.0 303.0 406.0 257.0 499.0 237.0 490.0 large-vehicle 0
320.0 372.0 339.0 384.0 282.0 512.0 255.0 512.0 large-vehicle 0
164.0 311.0 184.0 319.0 155.0 377.0 133.0 371.0 small-vehicle 0
190.0 327.0 208.0 336.0 148.0 461.0 128.0 452.0 large-vehicle 0
146.0 287.0 165.0 296.0 97.0 433.0 78.0 422.0 large-vehicle 0
125.0 270.0 142.0 282.0 70.0 406.0 50.0 394.0 large-vehicle 0
70.0 234.0 93.0 245.0 24.0 373.0 0.0 364.0 large-vehicle 0
388.0 160.0 396.0 175.0 367.0 191.0 360.0 175.0 small-vehicle 0
410.0 190.0 418.0 202.0 387.0 220.0 382.0 205.0 small-vehicle 0
395.0 220.0 425.0 206.0 432.0 221.0 402.0 235.0 small-vehicle 0
36.0 34.0 52.0 21.0 132.0 103.0 118.0 119.0 large-vehicle 0
66.0 32.0 82.0 19.0 154.0 92.0 142.0 106.0 large-vehicle 0
118.0 28.0 106.0 38.0 81.0 11.0 94.0 0.0 small-vehicle 0
103.0 1.0 136.0 1.0 226.0 87.0 211.0 105.0 large-vehicle 0
