78.0 225.0 97.0 230.0 85.0 273.0 68.0 268.0 small-vehicle 0
45.0 223.0 37.0 241.0 1.0 225.0 1.0 204.0 small-vehicle 0
100.0 230.0 119.0 234.0 108.0 274.0 91.0 271.0 small-vehicle 0
133.0 282.0 113.0 276.0 125.0 226.0 145.0 231.0 small-vehicle 0
164.0 280.0 145.0 272.0 162.0 225.0 181.0 232.0 small-vehicle 0
117.0 12.0 135.0 13.0 127.0 44.0 110.0 40.0 small-vehicle 1
187.0 199.0 180.0 214.0 142.0 200.0 147.0 183.0 small-vehicle 0
273.0 54.0 251.0 47.0 260.0 18.0 284.0 18.0 small-vehicle 1
237.0 51.0 217.0 45.0 225.0 16.0 248.0 16.0 small-vehicle 1
214.0 45.0 192.0 38.0 199.0 15.0 221.0 15.0 small-vehicle 1
183.0 56.0 164.0 49.0 174.0 15.0 196.0 16.0 small-vehicle 1
157.0 54.0 137.0 48.0 147.0 14.0 169.0 15.0 small-vehicle 1
102.0 41.0 82.0 32.0 91.0 11.0 115.0 11.0 small-vehicle 1
74.0 29.0 54.0 22.0 59.0 11.0 82.0 11.0 small-vehicle 1
