74.0 429.0 56.0 439.0 1.0 324.0 1.0 274.0 large-vehicle 0
99.0 418.0 79.0 430.0 8.0 273.0 27.0 265.0 large-vehicle 0
184.0 403.0 167.0 413.0 93.0 269.0 110.0 259.0 large-vehicle 0
153.0 406.0 137.0 413.0 119.0 374.0 135.0 366.0 small-vehicle 0
57.0 324.0 72.0 315.0 92.0 354.0 78.0 362.0 small-vehicle 1
466.0 214.0 481.0 205.0 511.0 250.0 496.0 259.0 small-vehicle 1
399.0 330.0 387.0 342.0 358.0 316.0 370.0 303.0 small-vehicle 0
407.0 259.0 424.0 251.0 443.0 286.0 427.0 295.0 small-vehicle 0
471.0 329.0 465.0 313.0 503.0 298.0 509.0 314.0 small-vehicle 0
462.0 307.0 455.0 291.0 493.0 273.0 500.0 288.0 small-vehicle 0
497.0 454.0 506.0 470.0 470.0 490.0 461.0 474.0 small-vehicle 0
487.0 202.0 502.0 195.0 512.0 215.0 508.0 237.0 small-vehicle 0
