304.0 427.0 290.0 446.0 172.0 351.0 186.0 334.0 large-vehicle 0
227.0 14.0 241.0 20.0 226.0 53.0 211.0 45.0 small-vehicle 0
267.0 185.0 280.0 168.0 330.0 204.0 319.0 222.0 small-vehicle 0
289.0 172.0 298.0 156.0 354.0 184.0 344.0 203.0 small-vehicle 0
305.0 156.0 315.0 139.0 371.0 159.0 359.0 181.0 small-vehicle 0
380.0 292.0 365.0 309.0 253.0 218.0 268.0 199.0 large-vehicle 0
367.0 324.0 355.0 346.0 220.0 248.0 229.0 229.0 large-vehicle 0
230.0 257.0 305.0 315.0 293.0 332.0 215.0 273.0 large-vehicle 0
287.0 342.0 275.0 358.0 222.0 320.0 236.0 303.0 small-vehicle 0
324.0 402.0 308.0 424.0 188.0 324.0 200.0 308.0 large-vehicle 0
287.0 450.0 274.0 471.0 148.0 372.0 162.0 354.0 large-vehicle 0
