447.0 416.0 437.0 435.0 295.0 362.0 306.0 341.0 large-vehicle 0
297.0 336.0 280.0 357.0 155.0 266.0 169.0 247.0 large-vehicle 0
240.0 371.0 227.0 390.0 114.0 306.0 128.0 289.0 large-vehicle 0
398.0 461.0 388.0 482.0 255.0 408.0 269.0 387.0 large-vehicle 0
270.0 80.0 280.0 94.0 161.0 192.0 151.0 175.0 large-vehicle 0
185.0 211.0 270.0 130.0 284.0 145.0 199.0 226.0 large-vehicle 0
326.0 94.0 346.0 111.0 249.0 227.0 234.0 213.0 large-vehicle 0
354.0 120.0 367.0 138.0 275.0 242.0 261.0 230.0 large-vehicle 1
379.0 133.0 395.0 146.0 361.0 187.0 347.0 172.0 small-vehicle 0
404.0 207.0 417.0 221.0 346.0 308.0 328.0 296.0 large-vehicle 0
419.0 231.0 434.0 243.0 365.0 336.0 348.0 324.0 large-vehicle 0
441.0 251.0 457.0 261.0 406.0 351.0 385.0 338.0 large-vehicle 0
482.0 234.0 505.0 245.0 436.0 373.0 412.0 364.0 large-vehicle 0
