159.0 217.0 262.0 285.0 250.0 304.0 147.0 237.0 large-vehicle 0
437.0 453.0 447.0 440.0 482.0 465.0 474.0 478.0 small-vehicle 0
165.0 104.0 180.0 81.0 347.0 187.0 333.0 211.0 large-vehicle 0
203.0 169.0 310.0 238.0 298.0 258.0 190.0 187.0 large-vehicle 0
187.0 195.0 300.0 266.0 287.0 289.0 172.0 215.0 large-vehicle 0
149.0 248.0 256.0 315.0 244.0 338.0 135.0 267.0 large-vehicle 0
131.0 272.0 234.0 342.0 222.0 361.0 116.0 289.0 large-vehicle 0
55.0 287.0 68.0 268.0 220.0 365.0 207.0 386.0 large-vehicle 0
105.0 326.0 207.0 393.0 195.0 415.0 90.0 348.0 large-vehicle 0
84.0 351.0 193.0 419.0 176.0 443.0 68.0 369.0 large-vehicle 0
59.0 376.0 47.0 388.0 5.0 362.0 16.0 343.0 small-vehicle 0
1.0 399.0 11.0 379.0 173.0 479.0 159.0 503.0 large-vehicle 0
1.0 438.0 1.0 405.0 137.0 495.0 123.0 512.0 large-vehicle 0
