107.0 249.0 128.0 245.0 140.0 295.0 119.0 299.0 small-vehicle 0
0.0 251.0 20.0 249.0 26.0 314.0 5.0 319.0 small-vehicle 0
291.0 12.0 343.0 1.0 390.0 5.0 294.0 31.0 large-vehicle 0
173.0 278.0 200.0 269.0 240.0 391.0 217.0 400.0 large-vehicle 0
50.0 98.0 177.0 79.0 180.0 100.0 53.0 120.0 large-vehicle 0
128.0 112.0 132.0 131.0 43.0 150.0 41.0 127.0 large-vehicle 0
9.0 48.0 130.0 56.0 128.0 79.0 6.0 73.0 large-vehicle 0
236.0 26.0 255.0 14.0 293.0 103.0 272.0 113.0 large-vehicle 0
277.0 115.0 299.0 104.0 337.0 187.0 316.0 202.0 large-vehicle 0
290.0 81.0 384.0 56.0 389.0 74.0 295.0 100.0 large-vehicle 0
315.0 110.0 411.0 83.0 416.0 105.0 320.0 133.0 large-vehicle 0
362.0 243.0 462.0 233.0 465.0 254.0 364.0 264.0 large-vehicle 0
352.0 217.0 452.0 208.0 453.0 229.0 355.0 239.0 large-vehicle 0
334.0 170.0 425.0 138.0 433.0 157.0 340.0 189.0 large-vehicle 0
323.0 147.0 415.0 118.0 422.0 137.0 329.0 166.0 large-vehicle 0
