409.0 347.0 410.0 367.0 343.0 377.0 342.0 358.0 small-vehicle 0
390.0 60.0 412.0 64.0 409.0 149.0 382.0 146.0 large-vehicle 0
287.0 25.0 284.0 46.0 188.0 27.0 195.0 5.0 large-vehicle 0
306.0 76.0 302.0 99.0 132.0 62.0 137.0 40.0 large-vehicle 0
151.0 98.0 269.0 126.0 265.0 149.0 145.0 123.0 large-vehicle 0
289.0 105.0 284.0 127.0 122.0 93.0 125.0 69.0 large-vehicle 0
303.0 160.0 298.0 183.0 126.0 145.0 134.0 122.0 large-vehicle 0
366.0 401.0 362.0 385.0 398.0 376.0 403.0 393.0 small-vehicle 0
354.0 276.0 355.0 291.0 311.0 292.0 311.0 277.0 small-vehicle 0
309.0 321.0 308.0 305.0 350.0 303.0 351.0 323.0 small-vehicle 1
342.0 214.0 341.0 237.0 168.0 232.0 168.0 208.0 large-vehicle 0
364.0 245.0 363.0 267.0 192.0 264.0 196.0 240.0 large-vehicle 0
451.0 423.0 456.0 441.0 288.0 482.0 285.0 459.0 large-vehicle 0
408.0 322.0 411.0 342.0 238.0 365.0 236.0 343.0 large-vehicle 0
58.0 225.0 71.0 218.0 87.0 254.0 73.0 260.0 small-vehicle 0
176.0 477.0 188.0 470.0 205.0 505.0 192.0 512.0 small-vehicle 0
