339.0 133.0 335.0 155.0 169.0 111.0 175.0 91.0 large-vehicle 0
234.0 302.0 237.0 285.0 275.0 293.0 272.0 309.0 small-vehicle 1
85.0 351.0 121.0 361.0 114.0 379.0 79.0 368.0 small-vehicle 0
27.0 356.0 33.0 336.0 77.0 347.0 71.0 369.0 small-vehicle 0
17.0 370.0 1.0 360.0 15.0 314.0 35.0 319.0 small-vehicle 0
252.0 150.0 244.0 173.0 166.0 148.0 175.0 126.0 large-vehicle 0
325.0 168.0 319.0 189.0 251.0 170.0 257.0 147.0 small-vehicle 0
482.0 253.0 502.0 250.0 512.0 419.0 490.0 430.0 large-vehicle 0
410.0 273.0 434.0 273.0 430.0 453.0 407.0 453.0 large-vehicle 0
424.0 223.0 439.0 227.0 431.0 262.0 417.0 258.0 small-vehicle 0
111.0 275.0 123.0 263.0 154.0 293.0 143.0 304.0 small-vehicle 0
214.0 197.0 217.0 179.0 258.0 187.0 255.0 205.0 small-vehicle 0
130.0 201.0 141.0 185.0 180.0 212.0 169.0 227.0 small-vehicle 0
279.0 272.0 274.0 287.0 239.0 276.0 244.0 262.0 small-vehicle 0
189.0 331.0 194.0 314.0 235.0 327.0 228.0 344.0 small-vehicle 1
178.0 350.0 183.0 334.0 222.0 345.0 216.0 363.0 small-vehicle 1
213.0 244.0 214.0 226.0 254.0 229.0 253.0 247.0 small-vehicle 1
88.0 338.0 96.0 322.0 132.0 338.0 125.0 353.0 small-vehicle 1
138.0 170.0 148.0 159.0 176.0 183.0 166.0 194.0 small-vehicle 1
143.0 307.0 130.0 320.0 100.0 292.0 112.0 279.0 small-vehicle 1
247.0 260.0 251.0 246.0 285.0 253.0 282.0 268.0 small-vehicle 0
124.0 220.0 134.0 206.0 166.0 231.0 155.0 244.0 small-vehicle 0
232.0 321.0 236.0 306.0 272.0 316.0 267.0 330.0 small-vehicle 0
224.0 366.0 229.0 349.0 268.0 361.0 263.0 377.0 small-vehicle 0
215.0 384.0 220.0 368.0 257.0 379.0 251.0 395.0 small-vehicle 0
192.0 312.0 197.0 297.0 238.0 311.0 233.0 327.0 small-vehicle 0
199.0 278.0 204.0 264.0 241.0 272.0 237.0 287.0 small-vehicle 0
120.0 243.0 129.0 229.0 164.0 249.0 157.0 262.0 small-vehicle 0
381.0 272.0 405.0 273.0 401.0 455.0 374.0 456.0 large-vehicle 0
