287.0 412.0 281.0 435.0 117.0 391.0 124.0 369.0 large-vehicle 0
287.0 437.0 284.0 458.0 188.0 439.0 195.0 417.0 large-vehicle 0
306.0 488.0 302.0 511.0 132.0 474.0 137.0 452.0 large-vehicle 0
388.0 8.0 383.0 27.0 353.0 18.0 355.0 1.0 small-vehicle 0
375.0 75.0 369.0 94.0 324.0 84.0 330.0 65.0 small-vehicle 0
439.0 356.0 445.0 336.0 489.0 347.0 483.0 369.0 small-vehicle 0
429.0 370.0 410.0 363.0 427.0 314.0 447.0 319.0 small-vehicle 0
410.0 367.0 425.0 371.0 416.0 404.0 401.0 400.0 small-vehicle 0
384.0 358.0 369.0 355.0 380.0 313.0 397.0 316.0 small-vehicle 0
304.0 294.0 317.0 293.0 314.0 328.0 301.0 327.0 small-vehicle 0
268.0 278.0 251.0 274.0 261.0 239.0 277.0 242.0 small-vehicle 0
231.0 225.0 211.0 215.0 234.0 163.0 255.0 172.0 small-vehicle 1
262.0 219.0 247.0 213.0 259.0 176.0 277.0 182.0 small-vehicle 0
175.0 191.0 180.0 175.0 214.0 183.0 209.0 200.0 small-vehicle 1
227.0 161.0 221.0 182.0 174.0 170.0 180.0 148.0 small-vehicle 0
178.0 144.0 183.0 126.0 221.0 137.0 216.0 155.0 small-vehicle 0
245.0 113.0 239.0 138.0 188.0 123.0 194.0 99.0 small-vehicle 0
338.0 252.0 333.0 268.0 297.0 256.0 302.0 241.0 small-vehicle 0
343.0 226.0 338.0 243.0 307.0 233.0 312.0 216.0 small-vehicle 0
352.0 194.0 347.0 211.0 311.0 201.0 316.0 185.0 small-vehicle 0
359.0 175.0 353.0 191.0 318.0 180.0 322.0 165.0 small-vehicle 0
363.0 154.0 358.0 171.0 325.0 162.0 329.0 145.0 small-vehicle 0
375.0 98.0 370.0 112.0 339.0 105.0 342.0 91.0 small-vehicle 1
371.0 118.0 365.0 139.0 329.0 128.0 334.0 108.0 small-vehicle 1
29.0 323.0 47.0 327.0 43.0 357.0 28.0 356.0 small-vehicle 0
