211.0 412.0 211.0 393.0 254.0 394.0 253.0 413.0 small-vehicle 0
210.0 431.0 211.0 412.0 255.0 415.0 254.0 434.0 small-vehicle 0
205.0 455.0 204.0 437.0 247.0 436.0 247.0 456.0 small-vehicle 0
206.0 478.0 206.0 458.0 247.0 458.0 247.0 477.0 small-vehicle 0
206.0 504.0 207.0 483.0 254.0 484.0 252.0 504.0 small-vehicle 0
205.0 474.0 204.0 493.0 157.0 494.0 157.0 474.0 small-vehicle 0
207.0 444.0 206.0 467.0 145.0 466.0 146.0 443.0 small-vehicle 0
207.0 422.0 208.0 444.0 157.0 444.0 158.0 422.0 small-vehicle 0
208.0 397.0 207.0 416.0 165.0 416.0 165.0 396.0 small-vehicle 0
205.0 372.0 204.0 391.0 161.0 390.0 161.0 372.0 small-vehicle 0
208.0 328.0 207.0 348.0 165.0 349.0 164.0 329.0 small-vehicle 0
205.0 305.0 204.0 324.0 162.0 322.0 163.0 303.0 small-vehicle 0
210.0 277.0 210.0 299.0 164.0 299.0 162.0 278.0 small-vehicle 0
211.0 259.0 210.0 277.0 164.0 274.0 164.0 255.0 small-vehicle 0
214.0 187.0 212.0 206.0 168.0 203.0 169.0 184.0 small-vehicle 0
212.0 165.0 212.0 184.0 167.0 183.0 167.0 163.0 small-vehicle 0
219.0 141.0 217.0 164.0 162.0 158.0 163.0 136.0 small-vehicle 0
215.0 114.0 214.0 134.0 171.0 132.0 171.0 113.0 small-vehicle 0
212.0 92.0 212.0 111.0 167.0 110.0 168.0 90.0 small-vehicle 0
213.0 71.0 212.0 86.0 177.0 86.0 177.0 69.0 small-vehicle 0
214.0 47.0 214.0 62.0 172.0 62.0 173.0 46.0 small-vehicle 0
225.0 37.0 226.0 19.0 266.0 20.0 266.0 39.0 small-vehicle 0
217.0 25.0 216.0 42.0 179.0 40.0 180.0 23.0 small-vehicle 0
213.0 389.0 215.0 370.0 255.0 374.0 252.0 392.0 small-vehicle 0
210.0 368.0 212.0 351.0 251.0 353.0 249.0 371.0 small-vehicle 0
211.0 348.0 212.0 331.0 251.0 331.0 251.0 349.0 small-vehicle 0
211.0 325.0 212.0 307.0 264.0 307.0 263.0 326.0 small-vehicle 0
218.0 80.0 218.0 60.0 259.0 61.0 259.0 80.0 small-vehicle 0
222.0 56.0 223.0 39.0 263.0 40.0 262.0 57.0 small-vehicle 0
216.0 98.0 217.0 78.0 261.0 80.0 260.0 97.0 small-vehicle 0
220.0 116.0 220.0 97.0 263.0 100.0 261.0 117.0 small-vehicle 0
218.0 159.0 219.0 141.0 265.0 142.0 264.0 162.0 small-vehicle 0
219.0 182.0 218.0 163.0 262.0 164.0 262.0 181.0 small-vehicle 0
214.0 206.0 215.0 187.0 256.0 188.0 256.0 207.0 small-vehicle 0
217.0 245.0 219.0 227.0 259.0 229.0 259.0 246.0 small-vehicle 0
217.0 263.0 218.0 247.0 254.0 248.0 254.0 264.0 small-vehicle 0
209.0 303.0 211.0 286.0 252.0 287.0 251.0 304.0 small-vehicle 0
