460.0 209.0 475.0 203.0 488.0 237.0 473.0 243.0 small-vehicle 0
304.0 466.0 316.0 489.0 262.0 512.0 247.0 494.0 small-vehicle 1
271.0 458.0 281.0 478.0 229.0 498.0 222.0 481.0 small-vehicle 0
265.0 427.0 275.0 447.0 218.0 474.0 211.0 455.0 small-vehicle 0
273.0 382.0 285.0 374.0 302.0 411.0 289.0 419.0 small-vehicle 1
208.0 469.0 222.0 478.0 204.0 510.0 189.0 501.0 small-vehicle 0
126.0 247.0 142.0 259.0 74.0 347.0 60.0 337.0 large-vehicle 1
83.0 422.0 66.0 409.0 158.0 281.0 174.0 291.0 large-vehicle 0
112.0 438.0 94.0 425.0 182.0 292.0 201.0 306.0 large-vehicle 0
219.0 283.0 235.0 292.0 164.0 408.0 145.0 395.0 large-vehicle 0
166.0 460.0 145.0 451.0 226.0 313.0 244.0 324.0 large-vehicle 0
182.0 489.0 163.0 474.0 257.0 347.0 275.0 362.0 large-vehicle 0
