1.0 9.0 20.0 1.0 59.0 79.0 37.0 92.0 large-vehicle 0
172.0 232.0 173.0 251.0 134.0 251.0 134.0 230.0 small-vehicle 1
216.0 68.0 205.0 80.0 178.0 54.0 188.0 41.0 small-vehicle 0
307.0 33.0 293.0 47.0 254.0 16.0 267.0 0.0 small-vehicle 0
437.0 72.0 423.0 94.0 310.0 1.0 347.0 1.0 large-vehicle 0
364.0 114.0 349.0 135.0 223.0 27.0 238.0 8.0 large-vehicle 0
336.0 124.0 319.0 146.0 189.0 35.0 206.0 16.0 large-vehicle 0
258.0 166.0 245.0 183.0 138.0 89.0 152.0 71.0 large-vehicle 0
216.0 202.0 203.0 221.0 76.0 107.0 92.0 88.0 large-vehicle 0
180.0 212.0 163.0 230.0 49.0 117.0 63.0 102.0 large-vehicle 0
172.0 374.0 159.0 354.0 322.0 271.0 333.0 289.0 large-vehicle 0
