234.0 490.0 221.0 479.0 250.0 444.0 265.0 458.0 small-vehicle 0
315.0 215.0 292.0 203.0 325.0 148.0 346.0 160.0 small-vehicle 0
47.0 202.0 164.0 276.0 151.0 296.0 37.0 222.0 large-vehicle 0
99.0 102.0 192.0 161.0 182.0 185.0 84.0 124.0 large-vehicle 0
90.0 129.0 186.0 190.0 176.0 213.0 77.0 146.0 large-vehicle 0
427.0 445.0 413.0 465.0 364.0 434.0 378.0 413.0 small-vehicle 0
251.0 146.0 228.0 148.0 227.0 62.0 254.0 63.0 large-vehicle 0
161.0 305.0 150.0 328.0 24.0 244.0 35.0 224.0 large-vehicle 0
449.0 273.0 435.0 260.0 466.0 220.0 478.0 231.0 small-vehicle 0
217.0 238.0 206.0 262.0 59.0 171.0 72.0 149.0 large-vehicle 0
197.0 178.0 220.0 169.0 258.0 263.0 231.0 273.0 large-vehicle 0
296.0 465.0 308.0 444.0 420.0 512.0 376.0 512.0 large-vehicle 0
469.0 284.0 456.0 271.0 488.0 235.0 499.0 245.0 small-vehicle 0
