469.0 430.0 462.0 452.0 295.0 383.0 304.0 360.0 large-vehicle 0
502.0 370.0 495.0 390.0 329.0 334.0 340.0 308.0 large-vehicle 0
512.0 340.0 510.0 360.0 344.0 298.0 353.0 274.0 large-vehicle 0
512.0 302.0 512.0 328.0 365.0 277.0 374.0 253.0 large-vehicle 0
406.0 23.0 427.0 37.0 329.0 188.0 308.0 171.0 large-vehicle 0
453.0 42.0 438.0 30.0 462.0 0.0 473.0 8.0 small-vehicle 0
345.0 1.0 362.0 12.0 274.0 160.0 252.0 150.0 large-vehicle 0
309.0 1.0 336.0 1.0 249.0 147.0 227.0 132.0 large-vehicle 0
276.0 1.0 303.0 1.0 217.0 139.0 196.0 125.0 large-vehicle 0
238.0 1.0 268.0 1.0 192.0 116.0 172.0 102.0 large-vehicle 0
450.0 456.0 442.0 476.0 280.0 410.0 290.0 389.0 large-vehicle 0
465.0 42.0 481.0 54.0 456.0 87.0 438.0 75.0 small-vehicle 0
