419.0 351.0 410.0 334.0 445.0 314.0 453.0 330.0 small-vehicle 0
46.0 209.0 61.0 203.0 74.0 237.0 59.0 243.0 small-vehicle 0
328.0 53.0 345.0 37.0 425.0 127.0 406.0 145.0 large-vehicle 0
411.0 55.0 430.0 40.0 509.0 135.0 492.0 154.0 large-vehicle 0
343.0 29.0 379.0 30.0 435.0 94.0 413.0 113.0 large-vehicle 1
415.0 260.0 439.0 241.0 452.0 259.0 426.0 279.0 small-vehicle 0
466.0 178.0 484.0 165.0 510.0 191.0 509.0 231.0 large-vehicle 1
445.0 31.0 477.0 32.0 482.0 40.0 458.0 56.0 large-vehicle 1
495.0 44.0 511.0 37.0 511.0 67.0 503.0 58.0 large-vehicle 1
487.0 94.0 509.0 83.0 511.0 109.0 510.0 129.0 large-vehicle 1
342.0 120.0 352.0 136.0 322.0 153.0 312.0 138.0 small-vehicle 1
379.0 192.0 387.0 210.0 355.0 225.0 348.0 208.0 small-vehicle 1
422.0 278.0 430.0 293.0 400.0 310.0 392.0 295.0 small-vehicle 1
355.0 137.0 362.0 155.0 325.0 173.0 317.0 157.0 small-vehicle 0
345.0 207.0 339.0 192.0 372.0 174.0 379.0 190.0 small-vehicle 0
408.0 241.0 413.0 256.0 381.0 270.0 374.0 255.0 small-vehicle 0
431.0 296.0 440.0 312.0 410.0 329.0 400.0 312.0 small-vehicle 0
