304.0 54.0 316.0 77.0 260.0 104.0 247.0 82.0 small-vehicle 1
261.0 199.0 278.0 191.0 288.0 224.0 271.0 231.0 small-vehicle 0
322.0 225.0 304.0 234.0 271.0 178.0 293.0 169.0 large-vehicle 0
271.0 46.0 281.0 66.0 229.0 86.0 222.0 69.0 small-vehicle 0
265.0 15.0 275.0 35.0 218.0 62.0 211.0 43.0 small-vehicle 0
208.0 57.0 222.0 66.0 204.0 98.0 189.0 89.0 small-vehicle 0
36.0 446.0 52.0 433.0 129.0 512.0 99.0 512.0 large-vehicle 0
66.0 444.0 82.0 431.0 150.0 508.0 135.0 512.0 large-vehicle 0
118.0 440.0 106.0 450.0 81.0 423.0 94.0 412.0 small-vehicle 0
79.0 388.0 94.0 371.0 226.0 499.0 210.0 512.0 large-vehicle 0
97.0 371.0 112.0 353.0 224.0 460.0 208.0 479.0 large-vehicle 0
126.0 358.0 142.0 340.0 249.0 447.0 232.0 464.0 large-vehicle 0
135.0 316.0 153.0 301.0 195.0 346.0 181.0 363.0 large-vehicle 0
191.0 374.0 209.0 362.0 249.0 408.0 233.0 422.0 large-vehicle 0
324.0 253.0 334.0 268.0 290.0 290.0 281.0 276.0 small-vehicle 0
342.0 275.0 350.0 286.0 323.0 303.0 316.0 290.0 small-vehicle 0
351.0 294.0 360.0 307.0 329.0 325.0 322.0 308.0 small-vehicle 0
345.0 398.0 337.0 380.0 386.0 354.0 396.0 371.0 large-vehicle 0
386.0 384.0 396.0 399.0 352.0 423.0 345.0 407.0 small-vehicle 0
