172.0 390.0 232.0 433.0 220.0 452.0 160.0 411.0 small-vehicle 0
397.0 468.0 380.0 462.0 396.0 416.0 414.0 424.0 small-vehicle 0
477.0 286.0 503.0 291.0 474.0 471.0 437.0 464.0 large-vehicle 0
453.0 215.0 472.0 226.0 437.0 288.0 419.0 274.0 large-vehicle 0
413.0 291.0 433.0 303.0 359.0 415.0 338.0 401.0 large-vehicle 0
450.0 44.0 442.0 64.0 284.0 1.0 344.0 1.0 large-vehicle 0
104.0 176.0 86.0 167.0 113.0 122.0 131.0 132.0 small-vehicle 0
394.0 297.0 378.0 287.0 402.0 247.0 416.0 255.0 small-vehicle 0
363.0 304.0 382.0 316.0 349.0 376.0 324.0 364.0 large-vehicle 0
368.0 233.0 387.0 247.0 297.0 402.0 276.0 388.0 large-vehicle 0
340.0 225.0 361.0 240.0 263.0 383.0 246.0 373.0 large-vehicle 0
249.0 247.0 273.0 258.0 230.0 327.0 205.0 313.0 small-vehicle 0
323.0 222.0 308.0 208.0 338.0 180.0 348.0 191.0 small-vehicle 0
248.0 130.0 265.0 130.0 254.0 174.0 238.0 171.0 small-vehicle 0
209.0 138.0 231.0 153.0 138.0 303.0 115.0 286.0 large-vehicle 0
109.0 68.0 128.0 80.0 35.0 233.0 12.0 223.0 large-vehicle 0
85.0 57.0 104.0 68.0 3.0 214.0 1.0 185.0 large-vehicle 0
57.0 40.0 78.0 52.0 1.0 178.0 1.0 131.0 large-vehicle 0
307.0 488.0 296.0 508.0 239.0 470.0 253.0 447.0 small-vehicle 0
