300.0 213.0 400.0 279.0 388.0 302.0 288.0 234.0 large-vehicle 0
290.0 243.0 404.0 314.0 392.0 335.0 277.0 263.0 large-vehicle 0
212.0 259.0 226.0 237.0 383.0 343.0 369.0 361.0 large-vehicle 0
234.0 321.0 351.0 391.0 340.0 413.0 222.0 342.0 large-vehicle 0
223.0 351.0 329.0 418.0 317.0 438.0 210.0 369.0 large-vehicle 0
197.0 365.0 296.0 430.0 285.0 451.0 184.0 385.0 large-vehicle 0
183.0 393.0 284.0 460.0 270.0 480.0 168.0 410.0 large-vehicle 0
151.0 411.0 257.0 476.0 247.0 498.0 138.0 430.0 large-vehicle 0
139.0 467.0 153.0 445.0 254.0 512.0 209.0 512.0 large-vehicle 1
326.0 196.0 434.0 263.0 420.0 286.0 313.0 215.0 large-vehicle 0
272.0 154.0 286.0 133.0 440.0 231.0 427.0 250.0 large-vehicle 0
382.0 118.0 491.0 189.0 479.0 208.0 369.0 138.0 large-vehicle 0
432.0 76.0 512.0 131.0 512.0 159.0 418.0 97.0 large-vehicle 0
434.0 44.0 512.0 93.0 512.0 121.0 422.0 65.0 large-vehicle 0
