421.0 351.0 412.0 334.0 447.0 314.0 455.0 330.0 small-vehicle 0
48.0 209.0 63.0 203.0 76.0 237.0 61.0 243.0 small-vehicle 0
330.0 53.0 347.0 37.0 427.0 127.0 408.0 145.0 large-vehicle 0
413.0 55.0 432.0 40.0 511.0 135.0 494.0 154.0 large-vehicle 0
345.0 29.0 381.0 30.0 437.0 94.0 415.0 113.0 large-vehicle 1
417.0 260.0 441.0 241.0 454.0 259.0 428.0 279.0 small-vehicle 0
468.0 178.0 486.0 165.0 512.0 191.0 511.0 231.0 large-vehicle 1
447.0 31.0 479.0 32.0 484.0 40.0 460.0 56.0 large-vehicle 1
497.0 44.0 512.0 37.0 512.0 66.0 505.0 58.0 large-vehicle 1
489.0 94.0 509.0 79.0 512.0 85.0 512.0 129.0 large-vehicle 1
344.0 120.0 354.0 136.0 324.0 153.0 314.0 138.0 small-vehicle 1
381.0 192.0 389.0 210.0 357.0 225.0 350.0 208.0 small-vehicle 1
424.0 278.0 432.0 293.0 402.0 310.0 394.0 295.0 small-vehicle 1
357.0 137.0 364.0 155.0 327.0 173.0 319.0 157.0 small-vehicle 0
347.0 207.0 341.0 192.0 374.0 174.0 381.0 190.0 small-vehicle 0
410.0 241.0 415.0 256.0 383.0 270.0 376.0 255.0 small-vehicle 0
433.0 296.0 442.0 312.0 412.0 329.0 402.0 312.0 small-vehicle 0
