201.0 258.0 223.0 256.0 241.0 431.0 219.0 435.0 large-vehicle 0
177.0 260.0 196.0 259.0 214.0 433.0 193.0 437.0 large-vehicle 0
151.0 262.0 170.0 260.0 187.0 432.0 169.0 433.0 large-vehicle 0
124.0 267.0 144.0 264.0 163.0 438.0 140.0 444.0 large-vehicle 0
70.0 253.0 90.0 250.0 101.0 428.0 78.0 430.0 large-vehicle 0
1.0 273.0 22.0 273.0 18.0 453.0 1.0 453.0 large-vehicle 0
12.0 223.0 27.0 227.0 19.0 262.0 5.0 258.0 small-vehicle 0
253.0 271.0 234.0 275.0 227.0 230.0 244.0 224.0 small-vehicle 0
350.0 304.0 376.0 302.0 384.0 433.0 358.0 436.0 large-vehicle 0
384.0 312.0 405.0 312.0 415.0 439.0 390.0 442.0 large-vehicle 0
412.0 251.0 432.0 249.0 438.0 314.0 417.0 319.0 small-vehicle 0
309.0 7.0 354.0 1.0 492.0 27.0 487.0 49.0 large-vehicle 0
421.0 48.0 512.0 54.0 512.0 77.0 418.0 73.0 large-vehicle 0
338.0 50.0 345.0 31.0 410.0 49.0 404.0 68.0 small-vehicle 0
316.0 52.0 423.0 77.0 417.0 100.0 310.0 73.0 large-vehicle 0
