152.0 333.0 165.0 313.0 290.0 391.0 278.0 409.0 large-vehicle 0
137.0 357.0 152.0 335.0 273.0 406.0 263.0 427.0 large-vehicle 0
188.0 316.0 204.0 297.0 325.0 376.0 313.0 398.0 large-vehicle 0
234.0 248.0 221.0 237.0 250.0 202.0 265.0 216.0 small-vehicle 0
261.0 299.0 355.0 358.0 341.0 381.0 249.0 318.0 large-vehicle 0
427.0 203.0 413.0 223.0 364.0 192.0 378.0 171.0 small-vehicle 0
161.0 63.0 150.0 86.0 24.0 1.0 63.0 1.0 large-vehicle 0
433.0 313.0 424.0 336.0 295.0 264.0 308.0 242.0 large-vehicle 0
296.0 223.0 308.0 202.0 432.0 277.0 421.0 296.0 large-vehicle 0
469.0 42.0 456.0 29.0 481.0 1.0 497.0 1.0 small-vehicle 0
