470.0 315.0 471.0 296.0 506.0 299.0 505.0 318.0 small-vehicle 1
375.0 401.0 362.0 383.0 404.0 386.0 403.0 405.0 small-vehicle 1
334.0 90.0 335.0 73.0 362.0 74.0 361.0 91.0 small-vehicle 1
326.0 48.0 367.0 50.0 365.0 67.0 324.0 64.0 small-vehicle 0
329.0 331.0 329.0 313.0 357.0 315.0 356.0 331.0 small-vehicle 1
465.0 446.0 465.0 426.0 502.0 426.0 501.0 445.0 small-vehicle 1
478.0 287.0 477.0 269.0 508.0 268.0 506.0 286.0 small-vehicle 1
509.0 211.0 508.0 229.0 474.0 229.0 474.0 211.0 small-vehicle 1
339.0 234.0 339.0 216.0 360.0 216.0 361.0 234.0 small-vehicle 1
337.0 186.0 336.0 170.0 362.0 170.0 363.0 186.0 small-vehicle 1
319.0 117.0 319.0 96.0 366.0 97.0 365.0 118.0 small-vehicle 0
