467.0 308.0 472.0 327.0 293.0 358.0 290.0 335.0 large-vehicle 0
358.0 451.0 362.0 473.0 191.0 498.0 190.0 474.0 large-vehicle 0
408.0 409.0 412.0 431.0 237.0 459.0 233.0 435.0 large-vehicle 0
417.0 381.0 417.0 404.0 243.0 418.0 241.0 393.0 large-vehicle 0
496.0 276.0 494.0 295.0 325.0 320.0 322.0 298.0 large-vehicle 0
512.0 186.0 512.0 211.0 360.0 238.0 351.0 214.0 large-vehicle 0
132.0 314.0 126.0 338.0 1.0 293.0 1.0 266.0 large-vehicle 0
41.0 42.0 26.0 30.0 50.0 0.0 61.0 8.0 small-vehicle 0
53.0 42.0 69.0 54.0 44.0 87.0 26.0 75.0 small-vehicle 0
499.0 242.0 502.0 258.0 463.0 267.0 459.0 247.0 small-vehicle 0
