2.0 335.0 106.0 400.0 94.0 419.0 1.0 356.0 large-vehicle 0
8.0 297.0 113.0 368.0 103.0 388.0 1.0 313.0 large-vehicle 0
1.0 282.0 1.0 254.0 149.0 353.0 134.0 378.0 large-vehicle 0
1.0 243.0 3.0 221.0 156.0 317.0 142.0 340.0 large-vehicle 0
50.0 213.0 153.0 279.0 140.0 299.0 37.0 232.0 large-vehicle 0
89.0 201.0 191.0 267.0 177.0 287.0 78.0 223.0 large-vehicle 0
62.0 179.0 73.0 161.0 227.0 255.0 216.0 276.0 large-vehicle 0
94.0 122.0 109.0 102.0 267.0 206.0 252.0 232.0 large-vehicle 0
97.0 87.0 110.0 70.0 260.0 168.0 246.0 190.0 large-vehicle 0
124.0 69.0 134.0 48.0 293.0 149.0 281.0 170.0 large-vehicle 0
151.0 45.0 163.0 22.0 317.0 117.0 303.0 139.0 large-vehicle 0
167.0 15.0 184.0 1.0 332.0 80.0 320.0 105.0 large-vehicle 0
211.0 1.0 267.0 1.0 359.0 49.0 346.0 73.0 large-vehicle 0
471.0 376.0 459.0 388.0 417.0 362.0 428.0 343.0 small-vehicle 0
364.0 409.0 379.0 384.0 512.0 470.0 512.0 498.0 large-vehicle 0
