271.0 211.0 261.0 228.0 230.0 206.0 238.0 194.0 small-vehicle 0
238.0 245.0 227.0 263.0 193.0 240.0 204.0 224.0 small-vehicle 0
141.0 314.0 179.0 343.0 170.0 358.0 128.0 331.0 small-vehicle 0
167.0 363.0 159.0 380.0 116.0 354.0 127.0 338.0 small-vehicle 0
113.0 199.0 117.0 174.0 173.0 173.0 173.0 194.0 small-vehicle 0
130.0 159.0 126.0 137.0 313.0 113.0 316.0 135.0 large-vehicle 0
345.0 76.0 349.0 97.0 168.0 122.0 166.0 97.0 large-vehicle 0
358.0 39.0 362.0 61.0 191.0 86.0 190.0 62.0 large-vehicle 0
387.0 1.0 410.0 9.0 237.0 47.0 233.0 23.0 large-vehicle 0
65.0 286.0 91.0 291.0 62.0 471.0 25.0 464.0 large-vehicle 0
41.0 215.0 60.0 226.0 25.0 288.0 7.0 274.0 large-vehicle 0
