22.0 247.0 93.0 243.0 95.0 266.0 24.0 268.0 large-vehicle 0
285.0 45.0 306.0 42.0 331.0 169.0 309.0 174.0 large-vehicle 0
144.0 78.0 168.0 74.0 191.0 201.0 166.0 206.0 large-vehicle 0
109.0 60.0 132.0 55.0 137.0 125.0 116.0 128.0 small-vehicle 0
44.0 78.0 67.0 77.0 93.0 227.0 71.0 228.0 large-vehicle 0
68.0 69.0 91.0 61.0 127.0 217.0 97.0 229.0 large-vehicle 0
195.0 17.0 221.0 11.0 268.0 186.0 235.0 197.0 large-vehicle 0
95.0 241.0 222.0 204.0 226.0 227.0 100.0 264.0 large-vehicle 0
165.0 24.0 190.0 20.0 218.0 195.0 194.0 200.0 large-vehicle 0
255.0 13.0 276.0 8.0 304.0 175.0 280.0 178.0 large-vehicle 0
