284.0 181.0 306.0 171.0 386.0 326.0 364.0 339.0 large-vehicle 0
308.0 168.0 327.0 157.0 410.0 314.0 389.0 326.0 large-vehicle 0
333.0 157.0 354.0 146.0 433.0 304.0 413.0 314.0 large-vehicle 0
362.0 152.0 383.0 143.0 455.0 291.0 435.0 303.0 large-vehicle 0
384.0 145.0 405.0 135.0 480.0 284.0 459.0 294.0 large-vehicle 0
407.0 132.0 427.0 123.0 512.0 277.0 489.0 290.0 large-vehicle 0
427.0 114.0 449.0 104.0 512.0 220.0 512.0 268.0 large-vehicle 0
476.0 92.0 490.0 87.0 507.0 122.0 493.0 129.0 small-vehicle 1
238.0 206.0 257.0 195.0 341.0 348.0 320.0 360.0 large-vehicle 0
214.0 218.0 235.0 207.0 315.0 358.0 294.0 371.0 large-vehicle 0
196.0 235.0 212.0 227.0 288.0 374.0 272.0 384.0 large-vehicle 0
171.0 243.0 189.0 234.0 272.0 390.0 251.0 400.0 large-vehicle 0
1.0 431.0 1.0 377.0 59.0 491.0 37.0 504.0 large-vehicle 0
1.0 320.0 22.0 308.0 105.0 464.0 83.0 476.0 large-vehicle 0
22.0 302.0 40.0 293.0 126.0 454.0 108.0 464.0 large-vehicle 0
51.0 304.0 70.0 295.0 138.0 422.0 120.0 430.0 large-vehicle 0
67.0 275.0 88.0 265.0 167.0 419.0 146.0 432.0 large-vehicle 0
104.0 288.0 120.0 279.0 185.0 407.0 168.0 417.0 large-vehicle 0
125.0 275.0 142.0 264.0 205.0 393.0 187.0 404.0 large-vehicle 0
145.0 254.0 164.0 245.0 246.0 399.0 225.0 410.0 large-vehicle 0
512.0 410.0 512.0 443.0 389.0 340.0 408.0 319.0 large-vehicle 0
462.0 469.0 446.0 493.0 315.0 382.0 333.0 362.0 large-vehicle 0
423.0 400.0 435.0 386.0 468.0 412.0 455.0 427.0 small-vehicle 1
216.0 480.0 205.0 492.0 178.0 466.0 188.0 453.0 small-vehicle 0
307.0 445.0 293.0 459.0 254.0 428.0 267.0 412.0 small-vehicle 0
437.0 484.0 423.0 506.0 293.0 397.0 308.0 380.0 large-vehicle 0
347.0 512.0 308.0 512.0 223.0 439.0 238.0 420.0 large-vehicle 0
497.0 42.0 506.0 58.0 470.0 78.0 461.0 62.0 small-vehicle 0
