303.0 14.0 322.0 27.0 269.0 104.0 246.0 88.0 large-vehicle 0
512.0 82.0 512.0 126.0 447.0 233.0 424.0 223.0 large-vehicle 0
251.0 31.0 267.0 42.0 248.0 73.0 231.0 55.0 small-vehicle 0
497.0 57.0 512.0 69.0 419.0 217.0 400.0 204.0 large-vehicle 0
469.0 40.0 490.0 52.0 398.0 201.0 377.0 187.0 large-vehicle 0
446.0 16.0 466.0 27.0 369.0 181.0 347.0 167.0 large-vehicle 0
424.0 1.0 442.0 8.0 345.0 157.0 325.0 143.0 large-vehicle 0
347.0 57.0 369.0 70.0 327.0 128.0 307.0 115.0 small-vehicle 0
380.0 11.0 394.0 20.0 372.0 54.0 357.0 44.0 small-vehicle 0
351.0 1.0 375.0 1.0 298.0 126.0 278.0 116.0 large-vehicle 0
60.0 278.0 181.0 339.0 169.0 364.0 46.0 301.0 large-vehicle 0
