243.0 354.0 262.0 366.0 187.0 469.0 169.0 456.0 large-vehicle 0
187.0 321.0 207.0 332.0 140.0 437.0 122.0 425.0 large-vehicle 0
174.0 295.0 195.0 307.0 122.0 415.0 99.0 401.0 large-vehicle 0
150.0 268.0 173.0 281.0 107.0 387.0 84.0 373.0 large-vehicle 0
376.0 261.0 397.0 273.0 300.0 426.0 281.0 412.0 large-vehicle 0
303.0 426.0 322.0 439.0 267.0 512.0 246.0 500.0 large-vehicle 0
251.0 443.0 267.0 454.0 248.0 485.0 231.0 467.0 small-vehicle 0
380.0 423.0 394.0 432.0 372.0 466.0 357.0 456.0 small-vehicle 0
375.0 375.0 391.0 387.0 314.0 512.0 288.0 512.0 large-vehicle 0
325.0 426.0 308.0 415.0 334.0 375.0 351.0 386.0 small-vehicle 0
