366.0 196.0 478.0 264.0 466.0 284.0 356.0 216.0 large-vehicle 0
132.0 441.0 145.0 421.0 309.0 509.0 269.0 512.0 large-vehicle 0
165.0 383.0 177.0 363.0 332.0 458.0 319.0 478.0 large-vehicle 0
180.0 355.0 188.0 331.0 358.0 430.0 348.0 454.0 large-vehicle 0
159.0 392.0 191.0 415.0 181.0 428.0 148.0 407.0 small-vehicle 0
202.0 327.0 217.0 304.0 380.0 394.0 368.0 415.0 large-vehicle 0
295.0 301.0 404.0 368.0 391.0 393.0 280.0 323.0 large-vehicle 0
280.0 259.0 315.0 281.0 304.0 296.0 271.0 273.0 small-vehicle 0
280.0 253.0 288.0 232.0 460.0 332.0 446.0 354.0 large-vehicle 0
299.0 227.0 309.0 205.0 478.0 300.0 468.0 323.0 large-vehicle 0
326.0 158.0 340.0 136.0 495.0 230.0 484.0 252.0 large-vehicle 0
419.0 142.0 430.0 124.0 493.0 164.0 483.0 183.0 large-vehicle 1
437.0 41.0 447.0 28.0 482.0 53.0 474.0 66.0 small-vehicle 0
20.0 76.0 126.0 149.0 113.0 168.0 6.0 97.0 large-vehicle 0
16.0 1.0 64.0 1.0 173.0 67.0 159.0 91.0 large-vehicle 0
1.0 26.0 4.0 1.0 137.0 83.0 125.0 102.0 large-vehicle 0
22.0 44.0 130.0 113.0 118.0 133.0 10.0 65.0 large-vehicle 0
